bytes_in,bytes_out,host,OS
3508,1308,host248,MacOS
3442,1308,host248,MacOS
90,90,host248,MacOS
151,103,host248,MacOS
5874,1797,host254,MacOS
7655,1754,host18,MacOS
7715,1785,host18,MacOS
0,110,host19,MacOS
0,110,host19,MacOS
0,151,host19,MacOS
8583,1694,host18,MacOS
118,90,host18,Windows
0,140,host19,Windows
130,90,host19,Windows
0,151,host19,Windows
8583,1694,host18,Windows
0,83,host19,Windows
0,151,host19,Windows
58,404,host19,Windows
63,191,host248,Windows
120,199,host248,Windows
179,86,host248,Windows
90,90,host248,Windows
200,270,host248,Linux
102,157,host248,Linux
122,155,host248,Linux
62,78,host248,Linux
62,78,host248,Linux
62,80,host248,Linux
62,76,host248,Linux
0,89,host19,Linux
0,90,host19,Linux
288,90,host19,Linux
0,90,host19,Linux
0,360,host18,Linux
134,85,host18,Linux
371,90,host19,Linux
0,90,host19,Linux
0,81,host19,Linux
0,90,host19,Linux
0,86,host19,Linux
294,294,host19,Linux
1138,476,host19,Linux
0,90,host19,Linux
294,294,host19,Linux
0,151,host19,MacOS
8583,1694,host18,MacOS
0,110,host19,MacOS
0,294,host19,MacOS
0,294,host19,MacOS
0,152,host19,MacOS
294,294,host19,MacOS
0,294,host19,MacOS
0,151,host19,MacOS
0,151,host19,MacOS
0,294,host19,MacOS
294,294,host19,Windows
110,110,host19,Windows
0,151,host19,Windows
1850,1897,host19,Windows
4947,1938,host19,Windows
922,489,host19,Windows
120,246,host19,Windows
782,484,host19,Windows
0,294,host19,Windows
7655,1710,host18,Windows
7655,1754,host18,Windows
0,296,host19,Windows
0,151,host19,Linux
0,108,host19,Linux
0,152,host19,Linux
0,108,host19,Linux
0,196,host19,Linux
0,66,host19,Linux
0,66,host19,Linux
0,66,host19,Linux
66,1820,host19,Linux
606,345,host19,Linux
66,484,host19,Linux
119,89,host19,Linux
103,87,host19,Linux
60,58,host19,Linux
114,98,host19,Linux
0,151,host19,Linux
0,151,host19,Linux
74,1721,host19,Linux
0,151,host19,Linux
8583,1694,host18,Linux
0,151,host19,Linux
0,151,host19,Linux
0,151,host19,MacOS
0,151,host19,MacOS
7655,1694,host18,MacOS
74,395,host19,MacOS
0,151,host19,MacOS
294,294,host19,MacOS
932,2780,host19,MacOS
7655,1754,host18,MacOS
250,89,host19,MacOS
0,90,host19,MacOS
0,90,host19,MacOS
275,90,host19,Windows
0,90,host19,Windows
0,89,host19,Windows
234,89,host19,Windows
0,110,host19,Windows
0,110,host19,Windows
707,8357,host8,Windows
425,89,host8,Windows
149,80,host8,Windows
421,78,host8,Windows
150,83,host8,Windows
336,96,host8,Windows
149,80,host8,Linux
342,76,host8,Linux
146,73,host8,Linux
439,73,host8,Linux
91,75,host8,Linux
2742,3817,host8,Linux
161,80,host8,Linux
108,76,host8,Linux
331,75,host8,Linux
164,79,host8,Linux
2858,2869,host8,Linux
206,342,host8,Linux
140,276,host8,Linux
140,276,host8,Linux
140,276,host8,Linux
140,276,host8,Linux
1771,1832,host8,Linux
550,550,host8,Linux
146,73,host8,Linux
149,80,host8,Linux
16683,12519,host8,Linux
332,168,host8,Linux
130,84,host8,MacOS
332,168,host8,MacOS
159,86,host8,MacOS
360,176,host2,MacOS
1758,629,host2,MacOS
540,90,host2,MacOS
273,90,host2,MacOS
276,90,host2,MacOS
0,132,host2,MacOS
1596,545,host2,MacOS
405,176,host2,MacOS
0,151,host19,Windows
0,151,host19,Windows
7655,1694,host18,Windows
7655,1770,host18,Windows
0,132,host19,Windows
0,342,host19,Windows
0,342,host19,Windows
0,294,host19,Windows
0,151,host19,Windows
0,321,host19,Windows
0,108,host19,Windows
8583,1694,host18,Windows
119,79,host19,Linux
0,85,host19,Linux
315,92,host19,Linux
0,89,host19,Linux
240,290,host19,Linux
7655,1694,host18,Linux
288,90,host19,Linux
279,90,host19,Linux
0,88,host19,Linux
0,107,host19,Linux
7655,1694,host18,Linux
66,2005,host19,Linux
66,334,host19,Linux
7655,1694,host18,Linux
238,212,host19,Linux
7655,1754,host18,Linux
0,151,host19,Linux
0,214,host19,Linux
7655,1710,host18,Linux
7655,1694,host18,Linux
74,575,host19,Linux
66,461,host19,Linux
0,79,host19,MacOS
0,90,host19,MacOS
294,294,host19,MacOS
0,110,host19,MacOS
0,93,host19,MacOS
7715,1845,host18,MacOS
58,404,host19,MacOS
0,294,host19,MacOS
66,1820,host19,MacOS
0,89,host19,MacOS
272,89,host19,MacOS
255,88,host19,Windows
299,88,host19,Windows
248,88,host19,Windows
294,294,host19,Windows
0,110,host19,Windows
0,89,host19,Windows
334,89,host19,Windows
0,90,host19,Windows
117,94,host19,Windows
0,88,host19,Windows
0,88,host19,Windows
0,90,host19,Windows
0,90,host19,Linux
0,90,host19,Linux
8583,1694,host18,Linux
7655,1770,host18,Linux
7715,1845,host18,Linux
271,90,host19,Linux
342,1085,host19,Linux
0,108,host19,Linux
66,236,host19,Linux
0,294,host19,Linux
294,294,host19,Linux
96,80,host19,Linux
107,91,host19,Linux
0,906,host19,Linux
164,86,host19,Linux
0,98,host19,Linux
0,110,host19,Linux
0,110,host19,Linux
0,110,host19,Linux
0,110,host19,Linux
0,151,host19,Linux
120,246,host19,Linux
294,294,host19,MacOS
7655,1770,host18,MacOS
66,333,host19,MacOS
294,294,host19,MacOS
162,106,host19,MacOS
162,106,host19,MacOS
162,106,host19,MacOS
0,106,host19,MacOS
0,85,host19,MacOS
0,106,host19,MacOS
162,106,host19,MacOS
0,108,host19,Windows
11566,8999,host19,Windows
110,110,host19,Windows
0,108,host19,Windows
0,62,host19,Windows
0,86,host19,Windows
162,106,host19,Windows
7655,1694,host18,Windows
0,106,host19,Windows
162,106,host19,Windows
162,106,host19,Windows
932,2760,host19,Windows
0,121,host19,Linux
0,98,host19,Linux
550,550,host8,Linux
159,86,host8,Linux
150,83,host8,Linux
146,73,host8,Linux
332,168,host8,Linux
332,168,host8,Linux
0,540,host8,Linux
3963,1686,host254,Linux
0,243,host2,Linux
0,608,host2,Linux
63,183,host254,Linux
55627,40489,host254,Linux
96,80,host8,Linux
108,76,host8,Linux
149,80,host8,Linux
238,95,host8,Linux
146,73,host8,Linux
8697,3649,host8,Linux
145,70,host8,Linux
131,85,host8,Linux
146,73,host8,MacOS
146,73,host8,MacOS
102,102,host8,MacOS
102,102,host8,MacOS
0,550,host8,MacOS
146,73,host8,MacOS
129,77,host8,MacOS
332,168,host8,MacOS
1201,1023,host8,MacOS
332,168,host8,MacOS
146,73,host8,MacOS
159,80,host8,Windows
163,84,host8,Windows
159,80,host8,Windows
136,81,host8,Windows
332,168,host8,Windows
330,90,host8,Windows
149,80,host8,Windows
146,73,host8,Windows
146,73,host8,Windows
332,168,host8,Windows
5702,2643,host8,Windows
129,75,host8,Windows
149,80,host8,Linux
128,87,host8,Linux
98,82,host8,Linux
90,90,host248,Linux
63,196,host248,Linux
0,468,host248,Linux
62,78,host248,Linux
62,78,host248,Linux
0,474,host254,Linux
0,608,host2,Linux
0,608,host2,Linux
238,99,host2,Linux
238,99,host2,Linux
279,90,host2,Linux
251,89,host2,Linux
244,89,host2,Linux
805,272,host2,Linux
820,272,host2,Linux
795,272,host2,Linux
791,272,host2,Linux
1763,629,host2,Linux
908,272,host2,Linux
359,178,host2,MacOS
0,91,host19,MacOS
7655,1754,host18,MacOS
0,98,host19,MacOS
0,110,host19,MacOS
0,110,host19,MacOS
294,294,host19,MacOS
294,294,host19,MacOS
7655,1754,host18,MacOS
522,76,host19,MacOS
65,65,host19,MacOS
0,659,host19,Windows
2192,923,host19,Windows
0,108,host19,Windows
569,331,host18,Windows
7655,1754,host18,Windows
0,85,host19,Windows
0,342,host19,Windows
155,86,host19,Windows
0,151,host19,Windows
0,151,host19,Windows
0,151,host19,Windows
98,98,host19,Windows
160,78,host19,Linux
58,372,host19,Linux
110,110,host19,Linux
110,110,host19,Linux
7655,1710,host18,Linux
7655,1785,host18,Linux
0,90,host19,Linux
0,84,host19,Linux
8583,1694,host18,Linux
0,75,host19,Linux
0,86,host19,Linux
294,294,host19,Linux
0,151,host19,Linux
0,151,host19,Linux
0,294,host19,Linux
0,86,host19,Linux
343,71,host8,Linux
305,81,host8,Linux
359,71,host8,Linux
67,67,host8,Linux
5926,975,host8,Linux
146,73,host8,Linux
130,84,host8,MacOS
150,83,host8,MacOS
843,965,host248,MacOS
66,146,host248,MacOS
123,367,host248,MacOS
63,181,host248,MacOS
63,182,host248,MacOS
117,192,host248,MacOS
108,182,host248,MacOS
63,193,host248,MacOS
80,179,host248,MacOS
63,181,host248,Windows
117,190,host248,Windows
63,182,host248,Windows
6719,3363,host248,Windows
1565,79,host248,Windows
240,408,host248,Windows
63,179,host248,Windows
240,256,host248,Windows
63,201,host248,Windows
151,103,host248,Windows
90,90,host254,Windows
2358,5391,host254,Windows
35086,8985,host254,Linux
1298849,150393,host8,Linux
159,86,host8,Linux
240,89,host8,Linux
252,89,host8,Linux
315,92,host8,Linux
250,89,host8,Linux
332,168,host8,Linux
0,550,host8,Linux
332,168,host8,Linux
1587,544,host8,Linux
1747,550,host8,Linux
117,69,host8,Linux
550,181,host8,Linux
102,102,host8,Linux
1545,544,host8,Linux
16977,16957,host8,Linux
519,179,host8,Linux
357,92,host8,Linux
530,181,host8,Linux
494,179,host8,Linux
332,168,host8,Linux
550,550,host8,MacOS
1541,544,host8,MacOS
149,80,host8,MacOS
146,73,host8,MacOS
107,91,host8,MacOS
582,181,host8,MacOS
146,73,host8,MacOS
526,179,host8,MacOS
2784,1474,host8,MacOS
494,179,host8,MacOS
150,83,host8,MacOS
146,73,host8,Windows
146,73,host8,Windows
395,178,host8,Windows
1562,545,host8,Windows
149,80,host8,Windows
104997,15020,host8,Windows
125,74,host8,Windows
2784,1474,host8,Windows
3293,648,host8,Windows
287,93,host8,Windows
167,76,host8,Windows
240,76,host8,Windows
332,168,host8,Linux
332,168,host8,Linux
174,99,host8,Linux
149,80,host8,Linux
146,73,host8,Linux
9246,10780,host8,Linux
63,180,host8,Linux
62,76,host8,Linux
126,382,host8,Linux
502,77,host8,Linux
62,76,host8,Linux
478,77,host8,Linux
129,136,host8,Linux
62,78,host8,Linux
491,76,host8,Linux
62,75,host8,Linux
253,76,host8,Linux
126,384,host8,Linux
187,86,host8,Linux
62,81,host8,Linux
490,73,host8,Linux
63,181,host8,Linux
2797,1399,host8,MacOS
149,80,host8,MacOS
115,99,host8,MacOS
1011,73,host8,MacOS
172,82,host8,MacOS
2053951,780869,host8,MacOS
874,1019,host8,MacOS
126,386,host8,MacOS
147,85,host8,MacOS
6854,2035,host8,MacOS
97,81,host8,MacOS
17109,2645,host8,Windows
1126,1339,host8,Windows
6390,1691,host8,Windows
5242,1802,host8,Windows
8785,1737,host8,Windows
149,80,host8,Windows
5454,2549,host8,Windows
5731,2611,host8,Windows
4383,3248,host8,Windows
698,1048,host8,Windows
163,84,host8,Windows
159,80,host8,Windows
159,80,host8,Linux
159,80,host8,Linux
156,77,host8,Linux
6425,6973,host248,Linux
63,187,host248,Linux
93,159,host248,Linux
63,186,host248,Linux
63,185,host248,Linux
63,182,host248,Linux
63,189,host248,Linux
63,189,host248,Linux
110,198,host248,Linux
104,188,host248,Linux
63,196,host248,Linux
37765,21111,host248,Linux
151,103,host248,Linux
4752,2004,host248,Linux
6508,9086,host248,Linux
4672,3498,host248,Linux
63,185,host248,Linux
5568,1519,host248,Linux
1485,2053,host248,Linux
6528,5367,host18,MacOS
0,296,host19,MacOS
66,334,host19,MacOS
7655,1845,host18,MacOS
7655,1770,host18,MacOS
0,81,host19,MacOS
1006,479,host19,MacOS
8583,1694,host18,MacOS
0,108,host19,MacOS
60,58,host19,MacOS
134,85,host19,MacOS
0,89,host19,Windows
8583,1694,host18,Windows
146,73,host8,Windows
163,83,host8,Windows
150,83,host8,Windows
146,73,host8,Windows
146,73,host8,Windows
6124,3606,host8,Windows
2616,3361,host8,Windows
414,78,host8,Windows
146,73,host8,Windows
146,73,host8,Windows
3207,2186,host8,Linux
102,102,host8,Linux
130,85,host8,Linux
74,138,host8,Linux
150,83,host8,Linux
149,80,host8,Linux
130,84,host8,Linux
145,70,host8,Linux
131,85,host8,Linux
150,81,host8,Linux
146,73,host8,Linux
107,91,host8,Linux
185,100,host8,Linux
185,100,host8,Linux
146,73,host8,Linux
92,76,host8,Linux
151,85,host8,Linux
332,168,host8,Linux
332,168,host8,Linux
180,105,host8,Linux
60,125,host8,Linux
332,168,host8,Linux
332,168,host8,MacOS
140,135,host8,MacOS
332,168,host8,MacOS
130,81,host8,MacOS
63,179,host8,MacOS
63,179,host8,MacOS
126,365,host8,MacOS
126,371,host8,MacOS
488,77,host8,MacOS
62,76,host8,MacOS
139,355,host8,MacOS
126,380,host8,Windows
63,181,host8,Windows
63,176,host8,Windows
188,366,host8,Windows
212,364,host8,Windows
490,73,host8,Windows
911,74,host8,Windows
63,186,host8,Windows
124,72,host8,Windows
332,168,host8,Windows
163,83,host8,Windows
146,73,host8,Windows
332,168,host8,Linux
115,99,host8,Linux
163,84,host8,Linux
269,885,host8,Linux
6058,3749,host8,Linux
5612,2119,host8,Linux
179,82,host8,Linux
130,84,host8,Linux
149,80,host8,Linux
340,81,host8,Linux
150,83,host8,Linux
149,80,host8,Linux
146,73,host8,Linux
302,176,host8,Linux
130,84,host8,Linux
150,83,host8,Linux
149,80,host8,Linux
118,83,host8,Linux
146,73,host8,Linux
332,168,host8,Linux
149,80,host8,Linux
332,168,host8,Linux
8287,9007,host8,MacOS
0,106,host19,MacOS
66,319,host19,MacOS
0,110,host19,MacOS
0,110,host19,MacOS
0,276,host18,MacOS
0,276,host18,MacOS
7655,1754,host18,MacOS
0,98,host19,MacOS
1900,2010,host19,MacOS
60,58,host19,MacOS
107,91,host19,Windows
0,132,host19,Windows
162,106,host19,Windows
0,106,host19,Windows
162,106,host19,Windows
0,106,host19,Windows
162,106,host19,Windows
162,106,host19,Windows
0,106,host19,Windows
0,486,host19,Windows
0,296,host19,Windows
783,3072,host19,Windows
222,83,host19,Linux
0,106,host19,Linux
7655,1754,host18,Linux
0,106,host19,Linux
0,83,host19,Linux
294,294,host19,Linux
294,294,host19,Linux
0,106,host19,Linux
162,106,host19,Linux
0,106,host19,Linux
0,106,host19,Linux
0,151,host19,Linux
0,151,host19,Linux
0,108,host19,Linux
0,151,host19,Linux
118,102,host19,Linux
0,342,host19,Linux
0,342,host19,Linux
0,106,host19,Linux
162,106,host19,Linux
0,106,host19,Linux
0,110,host19,Linux
0,66,host19,MacOS
0,110,host19,MacOS
0,110,host19,MacOS
0,110,host19,MacOS
0,106,host19,MacOS
7655,1801,host18,MacOS
0,106,host19,MacOS
0,106,host19,MacOS
162,106,host19,MacOS
162,106,host19,MacOS
0,95,host19,MacOS
0,106,host19,Windows
0,98,host19,Windows
0,106,host19,Windows
162,106,host19,Windows
0,86,host19,Windows
66,2085,host19,Windows
66,2085,host19,Windows
0,110,host19,Windows
0,110,host19,Windows
0,110,host19,Windows
162,106,host19,Windows
7655,1754,host18,Windows
0,106,host19,Linux
162,106,host19,Linux
294,294,host19,Linux
0,106,host19,Linux
162,106,host19,Linux
0,106,host19,Linux
247,164,host19,Linux
162,106,host19,Linux
0,106,host19,Linux
8583,1694,host18,Linux
162,106,host19,Linux
162,106,host19,Linux
0,110,host19,Linux
0,906,host19,Linux
110,110,host19,Linux
129,182,host248,Linux
161,361,host248,Linux
63,181,host248,Linux
122,187,host248,Linux
63,186,host248,Linux
63,182,host248,Linux
92,176,host248,Linux
63,194,host248,MacOS
63,182,host248,MacOS
4827,2568,host248,MacOS
302,206,host248,MacOS
63,187,host248,MacOS
0,450,host248,MacOS
40976,3978,host248,MacOS
0,189,host19,MacOS
0,77,host19,MacOS
0,110,host19,MacOS
0,151,host19,MacOS
7655,1754,host18,Windows
8583,1694,host18,Windows
0,108,host19,Windows
0,294,host19,Windows
207,210,host19,Windows
0,66,host19,Windows
66,236,host19,Windows
0,152,host19,Windows
809,484,host19,Windows
0,294,host19,Windows
7655,1754,host18,Windows
0,108,host19,Windows
0,90,host19,Linux
0,196,host19,Linux
7715,1861,host18,Linux
0,152,host19,Linux
0,294,host19,Linux
294,294,host19,Linux
86,86,host19,Linux
155,85,host19,Linux
0,110,host19,Linux
0,590,host19,Linux
7655,1710,host18,Linux
0,294,host19,Linux
7655,1754,host18,Linux
134,85,host18,Linux
134,85,host18,Linux
66,359,host19,Linux
0,86,host19,Linux
3072,4969,host19,Linux
91,86,host19,Linux
8583,1694,host18,Linux
155,140,host19,Linux
0,90,host19,Linux
101,89,host19,MacOS
0,151,host19,MacOS
0,151,host19,MacOS
8523,1754,host18,MacOS
0,294,host19,MacOS
0,151,host19,MacOS
340,483,host19,MacOS
6282,6867,host19,MacOS
6339,12876,host19,MacOS
0,151,host19,MacOS
3281,3348,host19,MacOS
174,186,host19,Windows
186,186,host19,Windows
0,294,host19,Windows
7655,1710,host18,Windows
8643,1785,host18,Windows
7655,1694,host18,Windows
0,151,host19,Windows
0,66,host19,Windows
0,66,host19,Windows
0,151,host19,Windows
0,90,host19,Windows
74,430,host19,Windows
60,58,host19,Linux
74,462,host19,Linux
0,73,host19,Linux
0,92,host19,Linux
7655,1754,host18,Linux
94,192,host254,Linux
63,183,host254,Linux
99,190,host254,Linux
422,92,host2,Linux
0,62,host2,Linux
905,770,host2,Linux
0,1472,host2,Linux
570,550,host2,Linux
570,550,host2,Linux
0,62,host2,Linux
255,99,host2,Linux
0,106,host19,Linux
162,106,host19,Linux
162,106,host19,Linux
0,86,host19,Linux
0,294,host19,Linux
294,294,host19,Linux
7655,1694,host18,MacOS
132,81,host19,MacOS
0,132,host19,MacOS
0,70,host19,MacOS
0,72,host19,MacOS
7655,1694,host18,MacOS
294,294,host19,MacOS
0,90,host19,MacOS
8583,1785,host18,MacOS
0,73,host19,MacOS
0,73,host19,MacOS
0,253,host19,Windows
66,334,host19,Windows
66,334,host19,Windows
0,121,host19,Windows
0,294,host19,Windows
0,294,host19,Windows
540,522,host19,Windows
0,62,host19,Windows
90,90,host19,Windows
0,294,host19,Windows
7655,1710,host18,Windows
0,294,host19,Windows
0,151,host19,Linux
0,152,host19,Linux
0,152,host19,Linux
7655,1801,host18,Linux
355,299,host19,Linux
355,299,host19,Linux
355,299,host19,Linux
360,297,host19,Linux
355,299,host19,Linux
0,294,host19,Linux
294,294,host19,Linux
0,107,host19,Linux
0,640,host19,Linux
0,83,host19,Linux
7655,1801,host18,Linux
7655,1754,host18,Linux
357,301,host19,Linux
2236,20437,host19,Linux
0,66,host19,Linux
1392,1479,host19,Linux
7655,1694,host18,Linux
8643,1845,host18,Linux
0,196,host19,MacOS
31653,5350,host18,MacOS
86,86,host19,MacOS
0,77,host19,MacOS
0,152,host19,MacOS
0,152,host19,MacOS
8643,1785,host18,MacOS
394,2166,host19,MacOS
0,321,host19,MacOS
65,65,host19,MacOS
60,58,host19,MacOS
7655,1710,host18,Windows
0,152,host19,Windows
0,486,host19,Windows
0,83,host19,Windows
0,151,host19,Windows
62,405,host19,Windows
294,294,host19,Windows
0,108,host19,Windows
0,102,host19,Windows
0,95,host19,Windows
0,110,host19,Windows
7655,1861,host18,Windows
8583,1785,host18,Linux
0,110,host19,Linux
58,404,host19,Linux
26706,2776,host19,Linux
7655,1754,host18,Linux
66,580,host19,Linux
7655,1694,host18,Linux
0,108,host19,Linux
7655,1694,host18,Linux
90,86,host18,Linux
0,294,host19,Linux
0,151,host19,Linux
0,151,host19,Linux
0,151,host19,Linux
2484,526,host19,Linux
0,590,host19,Linux
0,151,host19,Linux
0,110,host19,Linux
0,110,host19,Linux
0,110,host19,Linux
0,110,host19,Linux
90,90,host248,Linux
0,151,host19,MacOS
0,321,host19,MacOS
0,86,host19,MacOS
0,321,host19,MacOS
0,98,host19,MacOS
0,110,host19,MacOS
0,110,host19,MacOS
0,294,host19,MacOS
294,294,host19,MacOS
7655,1694,host18,MacOS
332,168,host8,MacOS
114,87,host8,Windows
146,73,host8,Windows
159,80,host8,Windows
146,73,host8,Windows
146,73,host8,Windows
163,84,host8,Windows
159,80,host8,Windows
146,73,host8,Windows
3744,2718,host8,Windows
159,80,host8,Windows
146,73,host8,Windows
180,80,host8,Windows
150,83,host8,Linux
146,73,host8,Linux
163,83,host8,Linux
2206,3351,host8,Linux
398,628,host8,Linux
150,83,host8,Linux
149,80,host8,Linux
159,80,host8,Linux
149,80,host8,Linux
150,83,host8,Linux
0,550,host8,Linux
146,73,host8,Linux
0,546,host8,Linux
146,73,host8,Linux
0,108,host19,Linux
0,140,host19,Linux
0,132,host19,Linux
0,140,host19,Linux
0,140,host19,Linux
62,81,host19,Linux
92,76,host19,Linux
0,90,host19,Linux
0,262,host19,MacOS
0,486,host19,MacOS
0,94,host19,MacOS
0,363,host19,MacOS
0,43,host19,MacOS
7655,1710,host18,MacOS
176,107,host19,MacOS
24586,8796,host19,MacOS
2170,995,host19,MacOS
86,86,host19,MacOS
0,151,host19,MacOS
7655,1694,host18,Windows
0,89,host19,Windows
7655,1710,host18,Windows
255,89,host19,Windows
0,90,host19,Windows
284,90,host19,Windows
0,89,host19,Windows
166,97,host19,Windows
163,94,host19,Windows
5842,1783,host19,Windows
0,151,host19,Windows
169,100,host19,Windows
166,108,host19,Linux
0,66,host19,Linux
181,112,host19,Linux
155,97,host19,Linux
0,90,host19,Linux
65,65,host18,Linux
65,65,host18,Linux
66,1820,host19,Linux
0,90,host19,Linux
8583,1694,host18,Linux
172,103,host19,Linux
165,96,host19,Linux
0,89,host19,Linux
0,90,host19,Linux
322,90,host19,Linux
18983,22738,host19,Linux
161,92,host19,Linux
161,92,host19,Linux
150,81,host19,Linux
163,88,host19,Linux
213,144,host19,Linux
66,697,host19,Linux
166,97,host19,MacOS
90,90,host19,MacOS
1603,1646,host8,MacOS
146,73,host8,MacOS
146,73,host8,MacOS
37646,3408,host8,MacOS
413501,15173,host8,MacOS
19171,1934,host8,MacOS
5954,2121,host8,MacOS
97,182,host8,MacOS
0,151,host19,MacOS
0,212,host19,Windows
66,2034,host19,Windows
0,108,host19,Windows
91,87,host18,Windows
7655,1694,host18,Windows
0,294,host19,Windows
0,87,host19,Windows
0,98,host19,Windows
0,110,host19,Windows
0,110,host19,Windows
0,110,host19,Windows
7655,1710,host18,Windows
0,80,host19,Linux
0,152,host19,Linux
0,1152,host19,Linux
0,296,host19,Linux
0,151,host19,Linux
0,79,host19,Linux
66,406,host19,Linux
74,520,host19,Linux
0,152,host19,Linux
500,360,host18,Linux
66,334,host19,Linux
0,108,host19,Linux
134,85,host18,Linux
110,110,host19,Linux
0,140,host19,Linux
110,110,host19,Linux
300,232,host19,Linux
7655,1694,host18,Linux
0,151,host19,Linux
0,294,host19,Linux
0,151,host19,Linux
7655,1754,host18,Linux
0,85,host19,MacOS
0,91,host19,MacOS
0,81,host19,MacOS
0,241,host19,MacOS
0,241,host19,MacOS
0,152,host19,MacOS
0,151,host19,MacOS
0,294,host19,MacOS
0,241,host19,MacOS
0,241,host19,MacOS
0,321,host19,MacOS
0,151,host19,Windows
210,276,host18,Windows
0,276,host18,Windows
74,462,host19,Windows
0,66,host19,Windows
0,98,host19,Windows
0,151,host19,Windows
7655,1801,host18,Windows
66,402,host19,Windows
90,90,host19,Windows
0,90,host19,Windows
7655,1710,host18,Windows
0,90,host19,Linux
130,84,host8,Linux
150,83,host8,Linux
146,73,host8,Linux
150,81,host8,Linux
1844,3062,host8,Linux
550,550,host8,Linux
2223,2080,host8,Linux
39998,11769,host8,Linux
1704,3006,host8,Linux
337,143,host8,Linux
154,99,host8,Linux
1532,70,host8,Linux
805,84,host8,Linux
159,80,host8,Linux
163,84,host8,Linux
149,80,host8,Linux
146,73,host8,Linux
146,73,host8,Linux
151,84,host8,Linux
150,81,host8,Linux
1196,2026,host8,Linux
154,99,host8,MacOS
130,84,host8,MacOS
149,80,host8,MacOS
6338,2407,host8,MacOS
1946,1825,host8,MacOS
163,84,host8,MacOS
146,73,host8,MacOS
90,90,host8,MacOS
1196,1960,host8,MacOS
136,81,host8,MacOS
0,62,host2,MacOS
0,62,host2,Windows
0,66,host2,Windows
0,62,host2,Windows
0,276,host248,Windows
129,139,host248,Windows
101,183,host248,Windows
100,188,host248,Windows
62,77,host248,Windows
5415,1958,host248,Windows
3482,4327,host248,Windows
11547,6008,host248,Windows
8056,4318,host248,Windows
9181,9370,host248,Linux
62,80,host248,Linux
2291,2001,host248,Linux
0,108,host19,Linux
0,151,host19,Linux
0,110,host19,Linux
0,192,host19,Linux
7655,1845,host18,Linux
0,86,host19,Linux
238,95,host19,Linux
0,110,host19,Linux
0,110,host19,Linux
0,74,host19,Linux
160,78,host19,Linux
0,296,host19,Linux
1501,2218,host19,Linux
0,94,host19,Linux
0,86,host19,Linux
0,151,host19,Linux
708,479,host19,Linux
0,151,host19,Linux
3827,3173,host19,Linux
0,151,host19,MacOS
0,151,host19,MacOS
0,151,host19,MacOS
0,108,host19,MacOS
0,110,host19,MacOS
0,110,host19,MacOS
294,294,host19,MacOS
110,110,host19,MacOS
110,110,host19,MacOS
449,3150,host19,MacOS
0,151,host19,MacOS
7655,1754,host18,Windows
0,224,host19,Windows
0,203,host19,Windows
155,140,host19,Windows
0,294,host19,Windows
384697,24805,host19,Windows
149,95,host19,Windows
0,342,host19,Windows
0,342,host19,Windows
196,196,host19,Windows
128,82,host19,Windows
215,107,host19,Windows
119,80,host19,Linux
184,184,host19,Linux
168,83,host19,Linux
3512,4755,host19,Linux
282,92,host19,Linux
300,92,host19,Linux
1817,544,host19,Linux
1851,1716,host19,Linux
1686,550,host19,Linux
414,176,host19,Linux
4068,447,host19,Linux
7655,1710,host18,Linux
2469,531,host19,Linux
90,86,host19,Linux
0,86,host19,Linux
90,86,host19,Linux
134,85,host18,Linux
8583,1845,host18,Linux
0,102,host19,Linux
0,123,host19,Linux
0,106,host19,Linux
63,190,host248,Linux
63,192,host248,MacOS
63,187,host248,MacOS
63,186,host248,MacOS
157,373,host248,MacOS
123,385,host248,MacOS
80,185,host248,MacOS
80,181,host248,MacOS
174,379,host248,MacOS
90,90,host248,MacOS
63,182,host248,MacOS
5890,2113,host248,MacOS
63,188,host248,Windows
56980,443364,host248,Windows
90,90,host248,Windows
128,82,host8,Windows
147,78,host8,Windows
370,220,host8,Windows
146,73,host8,Windows
146,73,host8,Windows
332,168,host8,Windows
332,168,host8,Windows
332,168,host8,Windows
332,168,host8,Windows
0,540,host8,Linux
149,80,host8,Linux
146,73,host8,Linux
149,80,host8,Linux
332,168,host8,Linux
130,84,host8,Linux
146,73,host8,Linux
150,83,host8,Linux
146,73,host8,Linux
375,170,host8,Linux
332,168,host8,Linux
332,168,host8,Linux
149,80,host8,Linux
332,168,host8,Linux
146,73,host8,Linux
149,80,host8,Linux
1704,3006,host8,Linux
146,73,host8,Linux
149,80,host8,Linux
146,73,host8,Linux
149,80,host8,Linux
183,84,host8,Linux
166,86,host8,MacOS
286,364,host8,MacOS
126,370,host248,MacOS
63,188,host248,MacOS
63,180,host248,MacOS
63,185,host248,MacOS
63,181,host248,MacOS
79,180,host248,MacOS
62,76,host248,MacOS
122,159,host248,MacOS
97,85,host248,MacOS
18895,3006,host248,Windows
126,246,host248,Windows
63,190,host248,Windows
4735,2107,host248,Windows
90,78,host248,Windows
1377,566,host248,Windows
47725,6562,host248,Windows
6833,5268,host248,Windows
7199,1608,host248,Windows
86,74,host248,Windows
223,77,host254,Windows
498,76,host254,Windows
126,246,host254,Linux
186,246,host254,Linux
90,94,host254,Linux
126,246,host254,Linux
108,76,host8,Linux
332,168,host8,Linux
159,86,host8,Linux
0,90,host19,Linux
66,236,host19,Linux
5531,1429,host19,Linux
0,110,host19,Linux
0,110,host19,Linux
0,110,host19,Linux
8583,1785,host18,Linux
8583,1694,host18,Linux
66,423,host19,Linux
0,110,host19,Linux
0,110,host19,Linux
78248,13932,host18,Linux
7655,1694,host18,Linux
0,108,host19,Linux
0,79,host19,Linux
66,334,host19,MacOS
0,294,host19,MacOS
0,151,host19,MacOS
710,817,host19,MacOS
0,108,host19,MacOS
0,151,host19,MacOS
110,110,host19,MacOS
110,110,host19,MacOS
0,152,host19,MacOS
0,145,host19,MacOS
8583,1694,host18,MacOS
1334,476,host19,Windows
7655,1694,host18,Windows
0,62,host2,Windows
7655,1770,host18,Windows
7655,1694,host18,Windows
0,360,host18,Windows
0,110,host19,Windows
110,110,host19,Windows
7655,1694,host18,Windows
110,110,host19,Windows
0,98,host19,Windows
141,80,host19,Windows
0,74,host19,Linux
0,108,host19,Linux
0,196,host19,Linux
0,151,host19,Linux
7655,1754,host18,Linux
7655,1770,host18,Linux
0,96,host19,Linux
294,294,host19,Linux
0,90,host19,Linux
0,213,host19,Linux
0,294,host19,Linux
74,1721,host19,Linux
74,1725,host19,Linux
74,1725,host19,Linux
0,151,host19,Linux
0,151,host19,Linux
7655,1861,host18,Linux
0,292,host19,Linux
0,342,host19,Linux
74,1720,host19,Linux
8583,1694,host18,Linux
67806,1392793,host19,Linux
74,727,host19,MacOS
74,332,host19,MacOS
8583,1694,host18,MacOS
74,462,host19,MacOS
0,98,host19,MacOS
0,108,host19,MacOS
7655,1754,host18,MacOS
0,294,host19,MacOS
66,2042,host19,MacOS
230,241,host19,MacOS
0,132,host19,MacOS
166,100,host19,Windows
2525,10604,host19,Windows
0,89,host19,Windows
0,107,host19,Windows
74,779,host19,Windows
7655,1770,host18,Windows
570,550,host2,Windows
13176,82804,host2,Windows
0,77,host19,Windows
0,88,host19,Windows
0,1392,host19,Windows
0,2692,host19,Windows
0,84,host19,Linux
0,73,host19,Linux
0,87,host19,Linux
0,83,host19,Linux
62,413,host19,Linux
62,403,host19,Linux
0,84,host19,Linux
0,151,host19,Linux
0,151,host19,Linux
3406,3787,host19,Linux
0,87,host19,Linux
74,727,host19,Linux
74,727,host19,Linux
0,1392,host19,Linux
74,727,host19,Linux
0,85,host19,Linux
0,92,host19,Linux
74,727,host19,Linux
402,92,host19,Linux
0,93,host19,Linux
74,727,host19,Linux
297,93,host19,Linux
0,93,host19,MacOS
66,396,host19,MacOS
0,89,host19,MacOS
255,89,host19,MacOS
0,91,host19,MacOS
7655,1694,host18,MacOS
66,215,host19,MacOS
0,77,host19,MacOS
0,92,host19,MacOS
0,88,host19,MacOS
0,88,host19,MacOS
0,88,host19,Windows
66,215,host19,Windows
0,92,host19,Windows
0,92,host19,Windows
318,92,host19,Windows
0,88,host19,Windows
316,88,host19,Windows
0,90,host19,Windows
0,177,host19,Windows
182,177,host19,Windows
295,90,host19,Windows
0,89,host19,Windows
0,92,host19,Linux
0,88,host19,Linux
291,88,host19,Linux
331,92,host19,Linux
346,92,host19,Linux
346,92,host19,Linux
7655,1785,host18,Linux
1202,479,host19,Linux
66,801,host19,Linux
7655,1801,host18,Linux
0,321,host19,Linux
7655,1694,host18,Linux
8583,1694,host18,Linux
0,85,host19,Linux
0,151,host19,Linux
0,590,host19,Linux
110,110,host19,Linux
25922,12828,host19,Linux
0,108,host19,Linux
7655,1710,host18,Linux
0,151,host19,Linux
392,392,host19,Linux
74,727,host19,MacOS
0,151,host19,MacOS
7655,1694,host18,MacOS
0,151,host19,MacOS
8583,1694,host18,MacOS
0,151,host19,MacOS
7655,1754,host18,MacOS
334,306,host2,MacOS
0,276,host2,MacOS
0,62,host2,MacOS
238,99,host2,MacOS
63,182,host254,Windows
114,188,host248,Windows
63,191,host248,Windows
99,191,host248,Windows
4000,3975,host248,Windows
618,1120,host248,Windows
63,188,host248,Windows
101,179,host248,Windows
63,173,host248,Windows
63,182,host248,Windows
63,178,host248,Windows
111,198,host248,Windows
63,182,host248,Linux
166,401,host248,Linux
90,90,host248,Linux
123,385,host248,Linux
119,183,host248,Linux
90,90,host19,Linux
525,1961,host19,Linux
5328,1374,host19,Linux
525,1961,host19,Linux
0,91,host19,Linux
58,404,host19,Linux
66,1827,host19,Linux
0,98,host19,Linux
129,79,host8,Linux
297,1081,host8,Linux
914,78,host8,Linux
340,81,host8,Linux
334,82,host8,Linux
63,186,host8,Linux
63,181,host8,Linux
183,108,host8,Linux
86,86,host8,Linux
63,183,host8,MacOS
63,180,host8,MacOS
126,364,host8,MacOS
489,81,host8,MacOS
924,73,host8,MacOS
63,178,host8,MacOS
79,178,host8,MacOS
63,186,host8,MacOS
62,75,host8,MacOS
1170,1330,host8,MacOS
544,151,host8,MacOS
490,73,host8,Windows
476,76,host8,Windows
486,76,host8,Windows
477,76,host8,Windows
179,104,host8,Windows
540,456,host8,Windows
149,80,host8,Windows
2541,1898,host8,Windows
403,83,host8,Windows
318,75,host8,Windows
459,75,host8,Windows
345,76,host8,Windows
321,81,host8,Linux
5161,3686,host8,Linux
4827,4157,host8,Linux
146,73,host8,Linux
163,83,host8,Linux
943,78,host8,Linux
1704,3006,host8,Linux
149,80,host8,Linux
1516,70,host8,Linux
31357,13332,host8,Linux
108,76,host8,Linux
332,168,host8,Linux
146,73,host8,Linux
2780,1202,host8,Linux
2573,16896,host8,Linux
65454,4183,host8,Linux
146,73,host8,Linux
146,73,host8,Linux
6310,2733,host8,Linux
163,84,host8,Linux
159,80,host8,Linux
146,73,host8,Linux
159,80,host8,MacOS
122,157,host8,MacOS
1196,1960,host8,MacOS
1450,5123,host8,MacOS
145,70,host8,MacOS
150,81,host8,MacOS
125,71,host8,MacOS
550,550,host8,MacOS
164,84,host8,MacOS
174,94,host8,MacOS
149,80,host8,MacOS
149,80,host8,Windows
0,296,host8,Windows
43622,3114,host8,Windows
146,73,host8,Windows
146,73,host8,Windows
149,80,host8,Windows
479,78,host248,Windows
1025,79,host248,Windows
63,185,host248,Windows
63,183,host248,Windows
0,65,host19,Windows
0,92,host19,Windows
0,253,host19,Linux
0,196,host19,Linux
0,90,host19,Linux
0,65,host19,Linux
541,296,host19,Linux
534,296,host19,Linux
2100,1594,host19,Linux
2078,2188,host19,Linux
0,151,host19,Linux
8583,1754,host18,Linux
7655,1694,host18,Linux
175,106,host19,Linux
97,81,host19,Linux
0,140,host19,Linux
26706,3264,host19,Linux
168,99,host19,Linux
168,83,host19,Linux
66,1820,host19,Linux
0,83,host19,Linux
8583,1694,host18,Linux
0,83,host19,Linux
0,90,host19,Linux
393,2349,host19,MacOS
149,80,host8,MacOS
808,1076,host8,MacOS
119,79,host19,MacOS
74,1728,host19,MacOS
7655,1710,host18,MacOS
525,1934,host19,MacOS
110,110,host19,MacOS
0,151,host19,MacOS
0,108,host19,MacOS
0,106,host19,MacOS
162,106,host19,Windows
0,106,host19,Windows
162,106,host19,Windows
0,108,host19,Windows
525,1934,host19,Windows
603,1953,host19,Windows
168,83,host19,Windows
525,1934,host19,Windows
603,1953,host19,Windows
0,276,host2,Windows
183,89,host2,Windows
22920,8745,host2,Windows
282,90,host2,Linux
279,90,host2,Linux
458,180,host2,Linux
450,176,host2,Linux
0,60,host2,Linux
974,269,host2,Linux
820,272,host2,Linux
753,269,host2,Linux
1657,545,host2,Linux
283,90,host2,Linux
1602,545,host2,Linux
908,272,host2,Linux
361,176,host2,Linux
375,90,host2,Linux
1757,629,host2,Linux
2270,636,host2,Linux
570,550,host2,Linux
672,176,host2,Linux
276,92,host2,Linux
405,176,host2,Linux
0,608,host2,Linux
0,62,host2,Linux
13059,10503,host254,MacOS
1532,856,host254,MacOS
62,78,host254,MacOS
1967,2551,host254,MacOS
128393,1617142,host254,MacOS
6453,2170,host254,MacOS
7440,2106,host254,MacOS
9229,49191,host254,MacOS
4735,753,host254,MacOS
537,982,host254,MacOS
3805,998,host254,MacOS
4922,991,host254,Windows
456,922,host254,Windows
4681,1760,host254,Windows
3680,2022,host254,Windows
3589,1188,host254,Windows
3589,1188,host254,Windows
2969,963,host254,Windows
575,725,host254,Windows
0,109,host19,Windows
531,296,host19,Windows
0,108,host19,Windows
0,110,host19,Windows
0,110,host19,Linux
19677,17726,host19,Linux
137,137,host19,Linux
193,111,host19,Linux
141,80,host19,Linux
0,151,host19,Linux
260,276,host19,Linux
7655,1694,host18,Linux
0,294,host19,Linux
0,96,host19,Linux
7655,1710,host18,Linux
0,90,host19,Linux
66,1820,host19,Linux
74,462,host19,Linux
110,110,host19,Linux
160,78,host19,Linux
110,110,host19,Linux
0,151,host19,Linux
159,77,host19,Linux
159,77,host19,Linux
144,75,host19,Linux
1362,1068,host18,Linux
7655,1770,host18,MacOS
0,132,host19,MacOS
2291,8893,host19,MacOS
0,151,host19,MacOS
0,152,host19,MacOS
0,80,host19,MacOS
66,401,host19,MacOS
294,294,host19,MacOS
0,75,host19,MacOS
0,190,host19,MacOS
0,83,host19,MacOS
0,152,host19,Windows
0,152,host19,Windows
0,83,host19,Windows
0,294,host19,Windows
0,76,host19,Windows
0,76,host19,Windows
8523,1754,host18,Windows
2484,526,host19,Windows
66,2020,host19,Windows
0,74,host19,Windows
525,1934,host19,Windows
0,87,host19,Windows
0,90,host19,Linux
0,158,host19,Linux
525,1934,host19,Linux
525,1934,host19,Linux
0,151,host19,Linux
171,89,host19,Linux
160,91,host19,Linux
178,86,host19,Linux
171,89,host19,Linux
155,86,host19,Linux
154,85,host19,Linux
149,79,host19,Linux
229,92,host19,Linux
170,88,host19,Linux
149,80,host19,Linux
0,76,host19,Linux
0,83,host19,Linux
0,74,host19,Linux
0,179,host19,Linux
0,374,host19,Linux
0,73,host19,Linux
0,82,host19,Linux
0,84,host19,MacOS
0,156,host19,MacOS
0,181,host19,MacOS
0,189,host19,MacOS
0,189,host19,MacOS
0,177,host19,MacOS
66,697,host19,MacOS
0,110,host19,MacOS
0,91,host19,MacOS
7655,1770,host18,MacOS
7655,1754,host18,MacOS
498,1961,host19,Windows
498,1961,host19,Windows
0,492,host19,Windows
0,98,host19,Windows
91,87,host19,Windows
74,727,host19,Windows
0,108,host19,Windows
134,85,host18,Windows
134,85,host18,Windows
0,86,host19,Windows
525,1925,host19,Windows
0,110,host19,Windows
0,151,host19,Linux
66,236,host19,Linux
7655,1801,host18,Linux
0,151,host19,Linux
74,419,host19,Linux
0,144,host19,Linux
8583,1845,host18,Linux
0,103,host19,Linux
0,88,host19,Linux
107,91,host19,Linux
0,288,host19,Linux
0,151,host19,Linux
0,81,host19,Linux
0,110,host19,Linux
0,253,host19,Linux
8583,1694,host18,Linux
0,79,host19,Linux
0,151,host19,Linux
60,58,host19,Linux
360,348,host19,Linux
33336,14511,host19,Linux
0,66,host19,Linux
0,151,host19,MacOS
0,151,host19,MacOS
1538,544,host19,MacOS
74,462,host19,MacOS
0,106,host19,MacOS
74,393,host19,MacOS
627,176,host19,MacOS
74,462,host19,MacOS
66,374,host19,MacOS
0,43,host19,MacOS
163,88,host19,MacOS
163,88,host19,Windows
7655,1694,host18,Windows
7655,1754,host18,Windows
7595,1830,host18,Windows
7655,1694,host18,Windows
0,103,host19,Windows
525,1961,host19,Windows
307,344,host19,Windows
0,106,host19,Windows
0,294,host19,Windows
116,192,host248,Windows
131,248,host248,Windows
63,188,host248,Linux
7615,8082,host248,Linux
151,103,host248,Linux
63,285,host248,Linux
553,676,host248,Linux
126,400,host248,Linux
0,78,host248,Linux
1113,1236,host248,Linux
932,78,host248,Linux
7655,1754,host18,Linux
58,308,host19,Linux
213,186,host19,Linux
224,179,host19,Linux
60,58,host19,Linux
0,79,host19,Linux
66,236,host19,Linux
7655,1694,host18,Linux
85434,9005,host19,Linux
141,80,host19,Linux
0,107,host19,Linux
63,190,host19,Linux
0,152,host19,Linux
0,90,host19,MacOS
0,241,host19,MacOS
294,294,host19,MacOS
0,321,host19,MacOS
7655,1770,host18,MacOS
74,392,host19,MacOS
163,75,host19,MacOS
0,132,host19,MacOS
0,274,host19,MacOS
0,141,host19,MacOS
0,88,host19,MacOS
0,86,host19,Windows
0,86,host19,Windows
0,85,host19,Windows
0,85,host19,Windows
0,80,host19,Windows
0,83,host19,Windows
0,78,host19,Windows
7655,1694,host18,Windows
0,96,host19,Windows
0,92,host19,Windows
74,395,host19,Windows
0,66,host19,Windows
0,90,host19,Linux
74,385,host19,Linux
0,82,host19,Linux
0,87,host19,Linux
0,88,host19,Linux
8583,1694,host18,Linux
7655,1710,host18,Linux
343,79,host8,Linux
146,73,host8,Linux
332,168,host8,Linux
130,84,host8,Linux
159,86,host8,Linux
214,100,host8,Linux
2323,9249,host8,Linux
332,168,host8,Linux
146,73,host8,Linux
332,168,host8,Linux
149,80,host8,Linux
146,73,host8,Linux
150,83,host8,Linux
332,168,host8,Linux
202,84,host8,Linux
143,74,host8,MacOS
168,88,host8,MacOS
90,74,host8,MacOS
146,73,host8,MacOS
0,97,host19,MacOS
0,102,host19,MacOS
74,419,host19,MacOS
74,419,host19,MacOS
134,85,host18,MacOS
7655,1710,host18,MacOS
0,486,host19,MacOS
74,1763,host19,Windows
74,1763,host19,Windows
74,1763,host19,Windows
8643,1785,host18,Windows
7655,1694,host18,Windows
74,1763,host19,Windows
0,151,host19,Windows
120,104,host19,Windows
0,70,host19,Windows
0,151,host19,Windows
74,1763,host19,Windows
7715,1861,host18,Windows
74,1736,host19,Linux
0,84,host19,Linux
0,82,host19,Linux
74,1736,host19,Linux
0,91,host19,Linux
0,90,host19,Linux
219,296,host19,Linux
647,179,host19,Linux
494,179,host19,Linux
583,181,host19,Linux
519,179,host19,Linux
0,151,host19,Linux
530,181,host19,Linux
281,90,host19,Linux
152,1736,host19,Linux
0,151,host19,Linux
74,1736,host19,Linux
74,1755,host19,Linux
291,90,host19,Linux
0,294,host19,Linux
0,151,host19,Linux
0,89,host19,Linux
74,1736,host19,MacOS
0,92,host19,MacOS
284,88,host19,MacOS
0,88,host19,MacOS
74,1736,host19,MacOS
294,294,host19,MacOS
0,88,host19,MacOS
353,92,host19,MacOS
286,238,host19,MacOS
74,1736,host19,MacOS
74,1736,host19,MacOS
74,1586,host19,Windows
7655,1710,host18,Windows
0,144,host19,Windows
0,88,host19,Windows
0,106,host19,Windows
74,1736,host19,Windows
74,1755,host19,Windows
0,110,host19,Windows
0,110,host19,Windows
0,110,host19,Windows
74,1755,host19,Windows
116,385,host19,Windows
63,191,host19,Linux
8523,1754,host18,Linux
74,1754,host19,Linux
74,727,host19,Linux
0,140,host19,Linux
100,100,host19,Linux
60,58,host19,Linux
0,624,host19,Linux
0,140,host19,Linux
74,1736,host19,Linux
0,66,host19,Linux
993,2957,host19,Linux
152,1728,host19,Linux
74,1736,host19,Linux
74,1736,host19,Linux
0,151,host19,Linux
0,151,host19,Linux
74,1744,host19,Linux
0,151,host19,Linux
74,462,host19,Linux
0,294,host19,Linux
74,1763,host19,Linux
7655,1754,host18,MacOS
7655,1801,host18,MacOS
74,1744,host19,MacOS
7655,1694,host18,MacOS
74,1728,host19,MacOS
74,1728,host19,MacOS
294,294,host19,MacOS
0,294,host19,MacOS
0,151,host19,MacOS
152,1728,host19,MacOS
7655,1710,host18,MacOS
294,294,host19,Windows
110,110,host19,Windows
603,1934,host19,Windows
603,1934,host19,Windows
525,1942,host19,Windows
60,58,host19,Windows
74,1728,host19,Windows
0,151,host19,Windows
294,294,host19,Windows
0,108,host19,Windows
155,85,host19,Windows
0,75,host19,Windows
60,58,host19,Linux
134,85,host18,Linux
0,276,host18,Linux
0,276,host18,Linux
7655,1710,host18,Linux
7655,1845,host18,Linux
0,110,host19,Linux
60,58,host19,Linux
90,90,host19,Linux
249,209,host19,Linux
216,287,host19,Linux
290,93,host19,Linux
0,85,host19,Linux
0,95,host19,Linux
7655,1694,host18,Linux
0,296,host19,Linux
66,1832,host19,Linux
0,294,host19,Linux
330,74,host19,Linux
118,102,host19,Linux
0,66,host19,Linux
60,58,host19,Linux
107,91,host19,MacOS
7655,1694,host18,MacOS
162,80,host19,MacOS
8583,1694,host18,MacOS
0,110,host19,MacOS
272,90,host19,MacOS
366,176,host19,MacOS
458,89,host19,MacOS
247,89,host19,MacOS
239,89,host19,MacOS
450,176,host19,MacOS
276,90,host19,Windows
261,90,host19,Windows
0,89,host19,Windows
247,89,host19,Windows
0,294,host19,Windows
0,90,host19,Windows
0,90,host19,Windows
7595,1754,host18,Windows
0,90,host19,Windows
0,90,host19,Windows
263,90,host19,Windows
0,151,host19,Windows
1993,6943,host19,Linux
458,89,host19,Linux
272,90,host19,Linux
271,90,host19,Linux
140,94,host19,Linux
0,94,host19,Linux
243,88,host19,Linux
0,90,host19,Linux
276,90,host19,Linux
0,90,host19,Linux
7655,1754,host18,Linux
0,151,host19,Linux
8583,1694,host18,Linux
66,402,host19,Linux
533,181,host19,Linux
351,178,host19,Linux
0,182,host19,Linux
0,190,host19,Linux
0,192,host19,Linux
0,190,host19,Linux
0,78,host19,Linux
0,199,host19,Linux
0,294,host19,MacOS
7655,1694,host18,MacOS
110,110,host19,MacOS
96,87,host2,MacOS
0,62,host2,MacOS
1392,1471,host248,MacOS
90,90,host248,MacOS
117,73,host248,MacOS
216,80,host248,MacOS
63,189,host248,MacOS
914,1053,host248,MacOS
63,187,host248,Windows
0,465,host248,Windows
1357,2046,host248,Windows
1865,2101,host248,Windows
4902,1861,host248,Windows
481,78,host248,Windows
63,198,host248,Windows
90,90,host248,Windows
1317,79,host248,Windows
5880,1211,host254,Windows
63,188,host254,Windows
1159,1684,host254,Windows
1003,2567,host254,Linux
4011,3871,host254,Linux
299,89,host254,Linux
0,151,host19,Linux
0,223,host19,Linux
0,90,host19,Linux
7655,1694,host18,Linux
284,232,host19,Linux
169,100,host19,Linux
0,90,host19,Linux
2484,526,host19,Linux
66,290,host19,Linux
7655,1861,host18,Linux
294,294,host19,Linux
8583,1694,host18,Linux
0,74,host19,Linux
7655,1694,host18,Linux
74,417,host19,Linux
8583,1785,host18,Linux
7655,1694,host18,Linux
0,86,host19,Linux
0,210,host19,Linux
0,108,host19,MacOS
0,62,host19,MacOS
146,75,host19,MacOS
0,210,host19,MacOS
0,210,host19,MacOS
7655,1770,host18,MacOS
7655,1754,host18,MacOS
0,210,host19,MacOS
0,210,host19,MacOS
0,294,host19,MacOS
0,140,host19,MacOS
340,92,host19,Windows
7655,1694,host18,Windows
0,86,host19,Windows
107,91,host19,Windows
7715,1861,host18,Windows
0,110,host19,Windows
0,110,host19,Windows
0,110,host19,Windows
0,110,host19,Windows
0,294,host19,Windows
332,80,host19,Windows
0,66,host19,Windows
3004,1474,host19,Linux
0,66,host19,Linux
0,110,host19,Linux
0,210,host19,Linux
0,294,host19,Linux
294,294,host19,Linux
0,624,host19,Linux
0,151,host19,Linux
7655,1770,host18,Linux
7655,1754,host18,Linux
0,66,host19,Linux
0,77,host19,Linux
294,294,host19,Linux
7655,1710,host18,Linux
0,95,host19,Linux
74,417,host19,Linux
0,294,host19,Linux
0,92,host19,Linux
344,92,host19,Linux
0,210,host19,Linux
110,110,host19,Linux
110,110,host19,Linux
248,276,host19,MacOS
0,151,host19,MacOS
8583,1694,host18,MacOS
344,92,host19,MacOS
0,79,host19,MacOS
74,462,host19,MacOS
7655,1754,host18,MacOS
4940,2156,host19,MacOS
0,296,host19,MacOS
0,79,host19,MacOS
0,79,host19,MacOS
0,210,host19,Windows
58,404,host19,Windows
8583,1694,host18,Windows
7655,1754,host18,Windows
0,321,host19,Windows
159,77,host19,Windows
160,78,host19,Windows
3816,1442,host19,Windows
48761,5297,host19,Windows
170,80,host19,Windows
0,74,host19,Windows
0,151,host19,Windows
161,79,host19,Linux
68,60,host19,Linux
103,87,host19,Linux
68,60,host19,Linux
162,80,host19,Linux
12066,5167,host19,Linux
68,60,host19,Linux
63,88,host19,Linux
1679,3307,host19,Linux
360,276,host19,Linux
210,276,host18,Linux
0,294,host19,Linux
63,193,host248,Linux
8562,2395,host248,Linux
62,78,host248,Linux
60,78,host248,Linux
875,520,host248,Linux
126,385,host248,Linux
929,74,host248,Linux
1423,2218,host248,Linux
942,76,host248,Linux
63,207,host248,Linux
63,200,host248,MacOS
63,204,host248,MacOS
155,83,host248,MacOS
8352,3532,host248,MacOS
498,74,host248,MacOS
63,189,host248,MacOS
90,90,host248,MacOS
916,76,host248,MacOS
62,77,host8,MacOS
513,1945,host8,MacOS
513,1926,host8,MacOS
62,79,host8,Windows
234,148,host8,Windows
142,78,host8,Windows
91,87,host8,Windows
130,84,host8,Windows
12870,8820,host8,Windows
164,85,host8,Windows
90,74,host8,Windows
332,168,host8,Windows
0,608,host8,Windows
120,134,host8,Windows
130,84,host8,Windows
14268,5193,host8,Linux
106,90,host8,Linux
0,62,host8,Linux
186,111,host8,Linux
146,73,host8,Linux
146,73,host8,Linux
149,80,host8,Linux
149,80,host8,Linux
146,73,host8,Linux
304,178,host8,Linux
7848,11037,host8,Linux
149,80,host8,Linux
130,84,host8,Linux
338,74,host8,Linux
102,102,host8,Linux
375,74,host8,Linux
2376,4037,host8,Linux
63,86,host8,Linux
441,142,host8,Linux
416,90,host8,Linux
107527,27870,host8,Linux
188,113,host8,Linux
159,86,host8,MacOS
181,176,host8,MacOS
62,81,host254,MacOS
92,190,host254,MacOS
1211,1171,host254,MacOS
332,168,host8,MacOS
150,83,host8,MacOS
304,77,host8,MacOS
308,81,host8,MacOS
176,144,host8,MacOS
107,91,host8,MacOS
306,79,host8,Windows
1290,1046,host8,Windows
625,842,host8,Windows
486,1969,host8,Windows
486,1969,host8,Windows
564,1961,host8,Windows
513,1953,host8,Windows
0,148,host8,Windows
4796,2613,host8,Windows
149,80,host8,Windows
513,1953,host8,Windows
513,1934,host8,Windows
10040,3005,host8,Linux
513,1934,host8,Linux
513,1953,host8,Linux
513,1953,host8,Linux
513,1934,host8,Linux
238,95,host8,Linux
134,210,host8,Linux
327,270,host8,Linux
4540,2922,host8,Linux
149,80,host8,Linux
513,1934,host8,Linux
130,84,host8,Linux
108,76,host8,Linux
146,73,host8,Linux
163,83,host8,Linux
513,1953,host8,Linux
248274,111601,host8,Linux
3829,2645,host8,Linux
513,1961,host8,Linux
591,1961,host8,Linux
513,1926,host8,Linux
513,1926,host8,Linux
513,1961,host8,MacOS
0,87,host19,MacOS
0,210,host19,MacOS
0,210,host19,MacOS
7655,1801,host18,MacOS
0,151,host19,MacOS
0,91,host19,MacOS
74,430,host19,MacOS
8583,1845,host18,MacOS
294,294,host19,MacOS
0,196,host19,MacOS
579,1931,host19,Windows
138,210,host19,Windows
150,80,host19,Windows
1819,3166,host19,Windows
15338,11200,host19,Windows
114,98,host19,Windows
7655,1785,host18,Windows
134,85,host18,Windows
294,294,host19,Windows
180,174,host19,Windows
0,151,host19,Windows
0,74,host19,Windows
138,210,host19,Linux
138,210,host19,Linux
8583,1754,host18,Linux
687,459,host18,Linux
0,85,host19,Linux
0,209,host19,Linux
0,152,host19,Linux
8583,1694,host18,Linux
7655,1754,host18,Linux
7655,1770,host18,Linux
0,76,host19,Linux
0,108,host19,Linux
294,294,host19,Linux
8107,2436,host19,Linux
6281,3621,host19,Linux
91,87,host19,Linux
91,87,host19,Linux
0,95,host19,Linux
0,95,host19,Linux
0,287,host19,Linux
0,251,host19,Linux
0,90,host19,Linux
0,79,host19,MacOS
0,156,host19,MacOS
0,85,host19,MacOS
0,78,host19,MacOS
276,90,host19,MacOS
0,90,host19,MacOS
275,90,host19,MacOS
272,90,host19,MacOS
0,89,host19,MacOS
0,88,host19,MacOS
62,407,host19,MacOS
5565,407,host19,Windows
7655,1694,host18,Windows
7655,1710,host18,Windows
66,1820,host19,Windows
0,77,host19,Windows
0,66,host19,Windows
110,110,host19,Windows
110,110,host19,Windows
110,110,host19,Windows
0,89,host19,Windows
0,89,host19,Windows
278,90,host19,Windows
273,90,host19,Linux
279,90,host19,Linux
0,89,host19,Linux
276,90,host19,Linux
263,90,host19,Linux
240,89,host19,Linux
236,89,host19,Linux
299,88,host19,Linux
173,90,host19,Linux
0,90,host19,Linux
0,1392,host19,Linux
74,727,host19,Linux
294,294,host19,Linux
0,80,host19,Linux
0,90,host19,Linux
173,90,host19,Linux
0,66,host19,Linux
110,110,host19,Linux
110,110,host19,Linux
110,110,host19,Linux
8583,1694,host18,Linux
7655,1694,host18,Linux
0,294,host19,MacOS
62,78,host19,MacOS
126,364,host19,MacOS
63,181,host19,MacOS
63,187,host19,MacOS
252,752,host19,MacOS
252,704,host19,MacOS
63,187,host19,MacOS
500,77,host19,MacOS
1329,81,host19,MacOS
922,77,host19,MacOS
1329,81,host19,Windows
0,87,host19,Windows
66,381,host19,Windows
7655,1801,host18,Windows
193,109,host19,Windows
107,91,host19,Windows
0,151,host19,Windows
0,151,host19,Windows
0,96,host19,Windows
8583,1754,host18,Windows
7655,1785,host18,Windows
0,294,host19,Windows
0,96,host19,Linux
0,94,host19,Linux
62,436,host19,Linux
0,146,host19,Linux
7595,1754,host18,Linux
0,151,host19,Linux
294,294,host19,Linux
0,108,host19,Linux
7655,1710,host18,Linux
0,151,host19,Linux
254,294,host19,Linux
110,110,host19,Linux
0,151,host19,Linux
110,110,host19,Linux
0,107,host19,Linux
0,90,host19,Linux
0,152,host19,Linux
0,152,host19,Linux
4353,2820,host19,Linux
0,363,host19,Linux
1954,4628,host19,Linux
0,151,host19,Linux
7655,1785,host18,MacOS
74,456,host19,MacOS
0,101,host19,MacOS
7655,1694,host18,MacOS
118,90,host18,MacOS
7655,1801,host18,MacOS
8583,1694,host18,MacOS
7655,1694,host18,MacOS
0,43,host19,MacOS
66,334,host19,MacOS
394,2166,host19,MacOS
4933,2153,host19,Windows
0,152,host19,Windows
0,80,host19,Windows
2498,544,host8,Windows
0,74,host8,Windows
0,74,host8,Windows
86,86,host8,Windows
299,93,host8,Windows
530,181,host8,Windows
494,179,host8,Windows
560,181,host8,Windows
2791,629,host8,Windows
540,181,host8,Linux
162,74,host8,Linux
1392,1471,host8,Linux
526,179,host8,Linux
536,90,host8,Linux
502,179,host8,Linux
1714,550,host8,Linux
845,2643,host8,Linux
1439,3016,host8,Linux
371,90,host8,Linux
272,90,host8,Linux
136,81,host8,Linux
282,92,host8,Linux
430,176,host8,Linux
681,1108,host8,Linux
91,75,host8,Linux
297,92,host8,Linux
265,92,host8,Linux
141,84,host254,Linux
1378,1728,host254,Linux
1814,8463,host254,Linux
0,90,host19,Linux
324,90,host19,MacOS
0,90,host19,MacOS
0,90,host19,MacOS
257,90,host19,MacOS
294,294,host19,MacOS
8583,1785,host18,MacOS
7655,1754,host18,MacOS
1707,1422,host18,MacOS
494,80,host248,MacOS
262,516,host248,MacOS
186,94,host248,MacOS
1155,1873,host248,Windows
90,90,host248,Windows
12318,8054,host248,Windows
7887,1558,host248,Windows
63,200,host248,Windows
90,90,host248,Windows
1992,2088,host248,Windows
63,187,host248,Windows
4793,11310,host19,Windows
0,640,host19,Windows
0,152,host19,Windows
0,294,host19,Windows
0,108,host19,Linux
7655,1754,host18,Linux
0,83,host19,Linux
42167,53186,host19,Linux
4178,23704,host19,Linux
0,151,host19,Linux
60,58,host19,Linux
92,87,host19,Linux
60,58,host19,Linux
63,193,host19,Linux
0,151,host19,Linux
0,106,host19,Linux
0,106,host19,Linux
162,106,host19,Linux
162,106,host19,Linux
162,106,host19,Linux
0,294,host19,Linux
0,106,host19,Linux
0,151,host19,Linux
0,151,host19,Linux
156,86,host19,Linux
156,86,host19,Linux
0,107,host19,MacOS
162,106,host19,MacOS
0,87,host19,MacOS
0,87,host19,MacOS
0,106,host19,MacOS
7655,1754,host18,MacOS
0,105,host19,MacOS
152,1729,host19,MacOS
0,151,host19,MacOS
0,106,host19,MacOS
74,448,host19,MacOS
138,210,host19,Windows
152,1729,host19,Windows
0,106,host19,Windows
0,106,host19,Windows
162,106,host19,Windows
162,106,host19,Windows
0,151,host19,Windows
0,91,host19,Windows
7655,1754,host18,Windows
0,106,host19,Windows
162,106,host19,Windows
0,106,host19,Windows
0,110,host19,Linux
0,110,host19,Linux
0,151,host19,Linux
66,262,host19,Linux
0,360,host18,Linux
110,110,host19,Linux
0,194,host19,Linux
7655,1710,host18,Linux
392,392,host19,Linux
0,90,host19,Linux
0,65,host19,Linux
0,106,host19,Linux
294,294,host19,Linux
74,727,host19,Linux
152,82,host19,Linux
194,194,host19,Linux
360,276,host19,Linux
360,276,host19,Linux
149,79,host19,Linux
162,106,host19,Linux
8643,1785,host18,Linux
0,151,host19,Linux
0,151,host19,MacOS
134,85,host18,MacOS
0,906,host19,MacOS
66,580,host19,MacOS
1332,1248,host18,MacOS
0,82,host19,MacOS
74,503,host19,MacOS
0,137,host19,MacOS
0,137,host19,MacOS
0,106,host19,MacOS
7655,1694,host18,MacOS
7655,1770,host18,Windows
0,74,host19,Windows
0,88,host19,Windows
0,60,host19,Windows
66,411,host19,Windows
5569,411,host19,Windows
89,177,host8,Windows
86,177,host8,Windows
90,90,host8,Windows
2474,896,host8,Windows
332,168,host8,Windows
163,84,host8,Windows
102,102,host8,Linux
102,102,host8,Linux
6326,2749,host8,Linux
185,100,host8,Linux
187,112,host8,Linux
102,102,host8,Linux
101,101,host8,Linux
102,102,host8,Linux
332,168,host8,Linux
332,168,host8,Linux
344,81,host8,Linux
146,73,host8,Linux
146,73,host8,Linux
149,80,host8,Linux
150,83,host8,Linux
0,148,host8,Linux
106,90,host8,Linux
332,168,host8,Linux
151,84,host8,Linux
150,81,host8,Linux
62,76,host8,Linux
809,863,host8,Linux
12427,2011,host8,MacOS
0,172,host8,MacOS
3408,1999,host8,MacOS
1840,929,host8,MacOS
332,168,host8,MacOS
63,199,host248,MacOS
84,189,host248,MacOS
476,75,host248,MacOS
126,395,host248,MacOS
5277,2335,host248,MacOS
116,188,host248,MacOS
80,188,host248,Windows
0,88,host19,Windows
0,106,host19,Windows
0,106,host19,Windows
0,106,host19,Windows
0,151,host19,Windows
0,80,host19,Windows
0,75,host19,Windows
0,78,host19,Windows
8583,1785,host18,Windows
0,151,host19,Windows
0,151,host19,Windows
0,85,host19,Linux
0,81,host19,Linux
0,83,host19,Linux
0,83,host19,Linux
0,79,host19,Linux
0,90,host19,Linux
4600,3386,host19,Linux
149,79,host19,Linux
0,98,host19,Linux
0,98,host19,Linux
0,151,host19,Linux
3868,4408,host19,Linux
21070,13745,host19,Linux
90,90,host19,Linux
0,74,host19,Linux
118,90,host18,Linux
0,98,host19,Linux
66,402,host19,Linux
0,98,host19,Linux
0,93,host19,Linux
0,104,host19,Linux
7655,1694,host18,Linux
0,65,host19,MacOS
0,92,host19,MacOS
7655,1754,host18,MacOS
149,80,host8,MacOS
0,148,host8,MacOS
488,1107,host8,MacOS
1640,550,host8,MacOS
458,89,host8,MacOS
86,86,host8,MacOS
378,176,host8,MacOS
375,170,host8,MacOS
281,90,host8,Windows
8187,14430,host8,Windows
262,90,host8,Windows
103,178,host8,Windows
62,76,host8,Windows
62,74,host8,Windows
1736,550,host8,Windows
240,89,host8,Windows
397,176,host8,Windows
280,90,host8,Windows
271,90,host8,Windows
1540,544,host8,Windows
149,80,host8,Linux
146,73,host8,Linux
146,73,host8,Linux
1706,550,host8,Linux
849,643,host8,Linux
1918,3368,host8,Linux
581,658,host8,Linux
26705,2884,host8,Linux
2862,1326,host8,Linux
1733,4165,host8,Linux
395,178,host8,Linux
1583,2185,host8,Linux
0,148,host8,Linux
281,90,host8,Linux
146,73,host8,Linux
671,649,host8,Linux
334,306,host2,Linux
3749,3821,host254,Linux
0,222,host2,Linux
0,608,host2,Linux
66,138,host2,Linux
1421,770,host2,Linux
238,99,host2,MacOS
255,99,host2,MacOS
238,99,host2,MacOS
315,91,host8,MacOS
352,75,host8,MacOS
63,187,host8,MacOS
63,170,host8,MacOS
140,276,host8,MacOS
120,258,host8,MacOS
141811,42217,host8,MacOS
149,80,host8,MacOS
149,80,host8,Windows
3230,2348,host8,Windows
63,190,host8,Windows
845,2641,host8,Windows
3834,2633,host8,Windows
86,86,host8,Windows
67504,9043,host8,Windows
0,83,host19,Windows
0,152,host19,Windows
0,152,host19,Windows
7655,1845,host18,Windows
7655,1710,host18,Windows
0,147,host19,Linux
7655,1710,host18,Linux
294,294,host19,Linux
0,107,host19,Linux
14984,5840,host19,Linux
0,151,host19,Linux
581,1131,host19,Linux
1008,1163,host19,Linux
62,432,host19,Linux
62,432,host19,Linux
8583,1754,host18,Linux
7655,1694,host18,Linux
0,151,host19,Linux
0,151,host19,Linux
0,151,host19,Linux
4571,4290,host18,Linux
0,87,host19,Linux
0,98,host19,Linux
535,296,host19,Linux
171,102,host19,Linux
7655,1785,host18,Linux
0,151,host19,Linux
0,110,host19,MacOS
914,489,host19,MacOS
809,484,host19,MacOS
885,484,host19,MacOS
781,484,host19,MacOS
784,484,host19,MacOS
0,90,host19,MacOS
0,294,host19,MacOS
249167,7166,host19,MacOS
110,110,host19,MacOS
7655,1785,host18,MacOS
0,260,host19,Windows
74,727,host19,Windows
60,43,host19,Windows
0,108,host19,Windows
87,71,host8,Windows
292,166,host8,Windows
149,80,host8,Windows
146,73,host8,Windows
150,83,host8,Windows
3633,3621,host8,Windows
149,80,host8,Windows
146,73,host8,Windows
102,102,host8,Linux
63,189,host8,Linux
332,168,host8,Linux
149,80,host8,Linux
159,86,host8,Linux
0,148,host8,Linux
332,168,host8,Linux
332,168,host8,Linux
146,73,host8,Linux
238,95,host8,Linux
67,67,host8,Linux
9830,1610,host8,Linux
5651,6259,host8,Linux
2209,2404,host8,Linux
1168,11327,host8,Linux
663,2792,host8,Linux
67,67,host8,Linux
146,73,host8,Linux
117,80,host8,Linux
67,67,host8,Linux
331,75,host8,Linux
67,67,host8,Linux
67,67,host8,MacOS
163,84,host8,MacOS
67,67,host8,MacOS
108,73,host8,MacOS
149,80,host8,MacOS
150,83,host8,MacOS
67,67,host8,MacOS
159,80,host8,MacOS
153,75,host8,MacOS
2673,5347,host8,MacOS
5276,1311,host8,MacOS
5276,1311,host8,Windows
5277,1377,host8,Windows
145,90,host8,Windows
124,80,host8,Windows
214,2854,host8,Windows
163,83,host8,Windows
155,75,host8,Windows
179,82,host8,Windows
183,84,host8,Windows
166,86,host8,Windows
108,76,host8,Windows
149,80,host8,Windows
145,70,host8,Linux
161,81,host8,Linux
151,84,host8,Linux
149,80,host8,Linux
150,81,host8,Linux
845,2643,host8,Linux
176,144,host8,Linux
1844,3062,host8,Linux
15314,7049,host8,Linux
0,110,host19,Linux
331,90,host19,Linux
300,92,host19,Linux
289,92,host19,Linux
0,92,host19,Linux
0,88,host19,Linux
291,88,host19,Linux
0,83,host19,Linux
0,83,host19,Linux
66,377,host19,Linux
0,92,host19,Linux
318,92,host19,Linux
0,151,host19,Linux
300,290,host19,MacOS
1353,2608,host19,MacOS
3090,6289,host19,MacOS
2208,989,host19,MacOS
0,151,host19,MacOS
0,90,host19,MacOS
183,88,host8,MacOS
345,200,host8,MacOS
6080,3134,host8,MacOS
146,73,host8,MacOS
146,73,host8,MacOS
130,84,host8,Windows
9309,1874,host8,Windows
149,80,host8,Windows
6326,2749,host8,Windows
0,148,host8,Windows
957,1854,host8,Windows
849,643,host8,Windows
8185,13393,host8,Windows
7578,27317,host8,Windows
1140,5102,host8,Windows
149,80,host8,Windows
6985,2174,host8,Windows
370,97,host8,Linux
5423,1242,host8,Linux
1091,637,host8,Linux
332,168,host8,Linux
2260051,101295,host8,Linux
2822,4039,host8,Linux
0,148,host8,Linux
332,168,host8,Linux
2524,17915,host8,Linux
311,71,host8,Linux
1196,892,host8,Linux
62,74,host8,Linux
62,73,host8,Linux
0,540,host8,Linux
1069,1757,host8,Linux
134,144,host8,Linux
146,73,host8,Linux
86,86,host8,Linux
3307,1884,host8,Linux
159,80,host8,Linux
550,550,host8,Linux
65,65,host8,Linux
17109,3125,host8,MacOS
322,79,host8,MacOS
107,1392,host8,MacOS
3601,5770,host8,MacOS
682,75,host8,MacOS
103,87,host8,MacOS
355,85,host8,MacOS
467,1400,host8,MacOS
375,76,host8,MacOS
362,77,host8,MacOS
134,73,host8,MacOS
296,69,host8,Windows
3129,2111,host8,Windows
371,88,host8,Windows
146,73,host8,Windows
371,88,host8,Windows
358,85,host8,Windows
149,80,host8,Windows
312,71,host8,Windows
318,78,host8,Windows
371,88,host8,Windows
6687,1007,host8,Windows
32559,1765,host8,Windows
50788,2240,host8,Linux
934,815,host8,Linux
89,73,host8,Linux
332,76,host8,Linux
320,80,host8,Linux
1236,1338,host8,Linux
1129,877,host8,Linux
328,72,host8,Linux
339,85,host8,Linux
314079,10051,host8,Linux
839,1352,host8,Linux
2551,2272,host8,Linux
636,771,host8,Linux
314,74,host8,Linux
359,86,host8,Linux
90573,7713,host8,Linux
131,85,host8,Linux
150,81,host8,Linux
138879,6755,host8,Linux
173417,7145,host8,Linux
1540,805,host8,Linux
5568,1017,host8,Linux
10509,1083,host8,MacOS
315,91,host8,MacOS
4329,1944,host8,MacOS
90,90,host8,MacOS
723,801,host8,MacOS
2136,804,host8,MacOS
639,801,host8,MacOS
4132,933,host8,MacOS
669,802,host8,MacOS
105,89,host8,MacOS
105,89,host8,MacOS
146,73,host8,Windows
149,80,host8,Windows
566,872,host8,Windows
0,108,host19,Windows
7655,1694,host18,Windows
7655,1785,host18,Windows
58,252,host19,Windows
120,104,host19,Windows
294,294,host19,Windows
0,85,host19,Windows
149,87,host19,Windows
138,76,host19,Windows
0,94,host19,Linux
74,422,host19,Linux
74,426,host19,Linux
74,426,host19,Linux
74,727,host19,Linux
74,425,host19,Linux
0,151,host19,Linux
1631,892,host19,Linux
0,89,host19,Linux
0,100,host19,Linux
74,727,host19,Linux
0,590,host19,Linux
74,419,host19,Linux
74,421,host19,Linux
7655,1754,host18,Linux
7655,1694,host18,Linux
0,65,host19,Linux
0,92,host19,Linux
0,73,host19,Linux
0,90,host19,Linux
0,78,host19,Linux
0,79,host19,Linux
0,77,host19,MacOS
261,321,host19,MacOS
0,294,host19,MacOS
0,90,host19,MacOS
0,151,host19,MacOS
7655,1770,host18,MacOS
0,151,host19,MacOS
66,405,host19,MacOS
66,405,host19,MacOS
0,342,host19,MacOS
0,77,host19,MacOS
0,75,host19,Windows
0,75,host19,Windows
0,90,host19,Windows
0,89,host19,Windows
62,432,host19,Windows
294,294,host19,Windows
2132,4917,host19,Windows
0,151,host19,Windows
0,151,host19,Windows
0,82,host19,Windows
0,83,host19,Windows
0,77,host19,Windows
0,152,host19,Linux
0,364,host19,Linux
0,752,host19,Linux
0,374,host19,Linux
0,377,host19,Linux
0,176,host19,Linux
0,704,host19,Linux
0,153,host19,Linux
0,79,host19,Linux
0,375,host19,Linux
0,384,host19,Linux
0,189,host19,Linux
238,300,host19,Linux
289,347,host19,Linux
7655,1770,host18,Linux
58,252,host19,Linux
66,338,host19,Linux
66,338,host19,Linux
66,338,host19,Linux
66,338,host19,Linux
66,338,host19,Linux
66,338,host19,Linux
0,108,host19,MacOS
66,338,host19,MacOS
134,85,host18,MacOS
66,338,host19,MacOS
66,338,host19,MacOS
66,338,host19,MacOS
1792,1530,host19,MacOS
5558,4582,host19,MacOS
0,108,host19,MacOS
74,146,host19,MacOS
74,417,host19,MacOS
0,107,host19,Windows
8583,1694,host18,Windows
74,417,host19,Windows
74,417,host19,Windows
7715,1785,host18,Windows
0,89,host19,Windows
0,89,host19,Windows
0,90,host19,Windows
294,90,host19,Windows
0,151,host19,Windows
300,92,host19,Windows
0,92,host19,Windows
0,88,host19,Linux
309,88,host19,Linux
308,88,host19,Linux
0,92,host19,Linux
0,92,host19,Linux
0,151,host19,Linux
236,260,host19,Linux
74,727,host19,Linux
89,77,host19,Linux
0,152,host19,Linux
26873,30044,host19,Linux
0,151,host19,Linux
236,80,host19,Linux
0,94,host19,Linux
0,207,host19,Linux
0,108,host19,Linux
294,294,host19,Linux
0,782,host19,Linux
7655,1710,host18,Linux
107,91,host19,Linux
110,110,host19,Linux
110,110,host19,Linux
110,110,host19,MacOS
110,110,host19,MacOS
110,110,host19,MacOS
110,110,host19,MacOS
0,108,host19,MacOS
0,91,host19,MacOS
7655,1754,host18,MacOS
0,94,host19,MacOS
62,420,host19,MacOS
1026,1162,host19,MacOS
240,290,host19,MacOS
0,1392,host19,Windows
0,294,host19,Windows
294,294,host19,Windows
0,76,host19,Windows
0,294,host19,Windows
0,89,host19,Windows
62,431,host19,Windows
305,83,host19,Windows
284,80,host19,Windows
7655,1754,host18,Windows
126,90,host19,Windows
7655,1694,host18,Windows
393,126,host19,Linux
66,1062,host19,Linux
0,110,host19,Linux
0,110,host19,Linux
4251,2520,host19,Linux
0,108,host19,Linux
0,640,host19,Linux
2925,2549,host19,Linux
718,654,host18,Linux
196,196,host19,Linux
294,294,host19,Linux
91,87,host18,Linux
91,87,host18,Linux
1707,1422,host18,Linux
0,486,host19,Linux
196,172,host19,Linux
0,151,host19,Linux
0,151,host19,Linux
0,107,host19,Linux
294,294,host19,Linux
7655,1770,host18,Linux
0,192,host19,Linux
0,202,host19,MacOS
240,290,host19,MacOS
0,98,host19,MacOS
0,294,host19,MacOS
0,152,host19,MacOS
107,91,host19,MacOS
294,294,host19,MacOS
0,91,host19,MacOS
1886,1278,host19,MacOS
862,1262,host19,MacOS
750,1262,host19,MacOS
766,1294,host19,Windows
750,1262,host19,Windows
798,1278,host19,Windows
12096,5477,host19,Windows
750,1262,host19,Windows
766,1278,host19,Windows
500,360,host18,Windows
130,90,host19,Windows
204,93,host19,Windows
166,86,host19,Windows
0,43,host19,Windows
0,80,host19,Windows
74,462,host19,Linux
74,456,host19,Linux
7655,1710,host18,Linux
74,417,host19,Linux
7655,1694,host18,Linux
0,151,host19,Linux
0,175,host19,Linux
7655,1770,host18,Linux
0,62,host2,Linux
570,550,host2,Linux
4063120,54565,host248,Linux
100,195,host248,Linux
63,201,host248,Linux
0,107,host19,Linux
8583,1694,host18,Linux
0,98,host19,Linux
0,87,host19,Linux
7655,1694,host18,Linux
7715,1801,host18,Linux
1563,788,host19,Linux
0,151,host19,Linux
0,151,host19,Linux
8583,1694,host18,MacOS
0,87,host19,MacOS
0,195,host19,MacOS
1545,544,host19,MacOS
0,152,host19,MacOS
0,82,host19,MacOS
92,87,host19,MacOS
0,110,host19,MacOS
0,110,host19,MacOS
0,110,host19,MacOS
0,110,host19,MacOS
289,92,host19,Windows
0,87,host19,Windows
134,85,host18,Windows
0,153,host19,Windows
0,372,host19,Windows
2205,9475,host19,Windows
0,151,host19,Windows
330,74,host19,Windows
7655,1710,host18,Windows
74,430,host19,Windows
0,102,host19,Windows
74,453,host19,Windows
7655,1710,host18,Linux
5824,3047,host248,Linux
141,84,host248,Linux
5908,2794,host248,Linux
122,86,host248,Linux
11209,2149,host248,Linux
243,119,host248,Linux
39236,47851,host248,Linux
204,80,host248,Linux
5010,1916,host248,Linux
62,77,host248,Linux
63,195,host248,Linux
3608,1804,host248,Linux
302,206,host248,Linux
5952,3536,host248,Linux
1505,75,host248,Linux
299,89,host254,Linux
366,1557,host254,Linux
2276,1453,host248,Linux
117,73,host248,Linux
4389,3509,host248,Linux
3751,2539,host248,Linux
266,264,host248,MacOS
989,134,host248,MacOS
90,90,host248,MacOS
140,64,host248,MacOS
63,198,host248,MacOS
482,76,host248,MacOS
483,79,host248,MacOS
63,181,host248,MacOS
68,60,host248,MacOS
63,192,host248,MacOS
101,181,host248,MacOS
63,178,host248,Windows
525,76,host248,Windows
63,189,host248,Windows
482,78,host248,Windows
180,180,host248,Windows
77,175,host248,Windows
63,180,host248,Windows
103,193,host248,Windows
186,592,host248,Windows
62,79,host248,Windows
4941,766,host248,Windows
63,186,host248,Windows
480,76,host248,Linux
11718,4183,host248,Linux
1836,2117,host248,Linux
124,193,host248,Linux
98,166,host248,Linux
0,152,host19,Linux
118,79,host19,Linux
163,94,host19,Linux
300,92,host19,Linux
1942,642,host19,Linux
66,2034,host19,Linux
231,294,host19,Linux
147,87,host19,Linux
120,116,host19,Linux
167,98,host19,Linux
176,107,host19,Linux
178,109,host19,Linux
0,151,host19,Linux
7655,1694,host18,Linux
74,417,host19,Linux
0,43,host19,Linux
294,294,host19,Linux
0,151,host19,MacOS
0,108,host19,MacOS
8583,1694,host18,MacOS
0,151,host19,MacOS
0,151,host19,MacOS
0,80,host19,MacOS
0,81,host19,MacOS
0,86,host19,MacOS
0,151,host19,MacOS
171,102,host19,MacOS
107,91,host19,MacOS
182,113,host19,Windows
98,191,host19,Windows
4792,6835,host19,Windows
10581,14871,host19,Windows
0,132,host19,Windows
0,108,host19,Windows
168,99,host19,Windows
991,76,host19,Windows
63,197,host19,Windows
8583,1785,host18,Windows
0,151,host19,Windows
0,151,host19,Windows
0,296,host19,Linux
90,90,host8,Linux
366,240,host8,Linux
0,148,host8,Linux
0,148,host8,Linux
8800,1326,host8,Linux
8800,1392,host8,Linux
67293,3577,host8,Linux
569,767,host8,Linux
146,73,host8,Linux
102,102,host8,Linux
134675,37733,host8,Linux
5061,4174,host8,Linux
0,74,host8,Linux
0,148,host8,Linux
1202,1845,host8,Linux
107,91,host8,Linux
86,86,host8,Linux
4339315,143388,host254,Linux
17748,17782,host254,Linux
611,750,host254,Linux
607,720,host254,Linux
63,190,host254,MacOS
0,62,host2,MacOS
1840,1664,host2,MacOS
0,62,host2,MacOS
0,574,host2,MacOS
0,60,host2,MacOS
0,62,host2,MacOS
0,62,host2,MacOS
94,86,host2,MacOS
570,550,host2,MacOS
938,612,host2,MacOS
1044,1174,host2,Windows
107,95,host248,Windows
63,189,host248,Windows
63,201,host248,Windows
2862,2569,host248,Windows
62,79,host248,Windows
2003,3256,host248,Windows
6009,2717,host248,Windows
8964,5188,host248,Windows
3022,1242,host248,Windows
7719,7222,host248,Windows
7274,2175,host248,Windows
63,205,host248,Linux
63,198,host248,Linux
840,1282,host248,Linux
62,79,host248,Linux
4092,1458,host248,Linux
107,95,host248,Linux
95,86,host2,Linux
95,86,host2,Linux
938,612,host2,Linux
900,765,host2,Linux
222,276,host2,Linux
0,276,host2,Linux
0,574,host2,Linux
279,90,host19,Linux
255,89,host19,Linux
0,103,host19,Linux
7655,1694,host18,Linux
0,90,host19,Linux
0,100,host19,Linux
0,151,host19,Linux
7715,1785,host18,Linux
0,151,host19,Linux
60,58,host19,MacOS
1290,72,host19,MacOS
110,110,host19,MacOS
63,198,host19,MacOS
63,201,host19,MacOS
940,78,host19,MacOS
60,58,host19,MacOS
74,727,host19,MacOS
0,151,host19,MacOS
0,151,host19,MacOS
0,109,host19,MacOS
0,151,host19,Windows
0,151,host19,Windows
0,151,host19,Windows
0,80,host19,Windows
7595,1814,host18,Windows
0,151,host19,Windows
0,151,host19,Windows
0,151,host19,Windows
196,196,host19,Windows
0,906,host19,Windows
229,241,host19,Windows
0,62,host19,Windows
0,151,host19,Linux
0,151,host19,Linux
0,108,host19,Linux
8583,1694,host18,Linux
0,151,host19,Linux
74,503,host19,Linux
7655,1770,host18,Linux
0,151,host19,Linux
0,151,host19,Linux
0,110,host19,Linux
0,140,host19,Linux
0,108,host19,Linux
0,87,host19,Linux
0,294,host19,Linux
0,213,host19,Linux
294,294,host19,Linux
0,110,host19,Linux
22279,24511,host8,Linux
107,91,host8,Linux
163,84,host8,Linux
159,80,host8,Linux
146,73,host8,Linux
171,86,host8,MacOS
108,162,host8,MacOS
299,85,host8,MacOS
297,84,host8,MacOS
117,138,host8,MacOS
163,83,host8,MacOS
175,100,host8,MacOS
208,90,host8,MacOS
111,111,host8,MacOS
159,80,host8,MacOS
332,168,host8,MacOS
159,80,host8,Windows
271,935,host8,Windows
421,83,host8,Windows
436,76,host8,Windows
63,191,host8,Windows
63,190,host8,Windows
406,78,host8,Windows
332,168,host8,Windows
126,364,host8,Windows
63,191,host8,Windows
895,77,host8,Windows
63,192,host8,Windows
1817,75,host8,Linux
63,188,host8,Linux
123,381,host8,Linux
212,390,host8,Linux
479,74,host8,Linux
327,80,host8,Linux
2784,1474,host8,Linux
375,77,host8,Linux
165,75,host8,Linux
146,73,host8,Linux
307,80,host8,Linux
4609,4065,host8,Linux
301,77,host8,Linux
330,81,host8,Linux
146,73,host8,Linux
146,73,host8,Linux
146,73,host8,Linux
150,83,host8,Linux
308,81,host8,Linux
482,80,host8,Linux
328,76,host8,Linux
773,1349,host8,Linux
413,631,host8,MacOS
104,88,host8,MacOS
2051,823,host8,MacOS
62,75,host8,MacOS
63,194,host8,MacOS
146,73,host8,MacOS
159,80,host8,MacOS
63,191,host8,MacOS
63,189,host8,MacOS
86,86,host8,MacOS
149,80,host8,MacOS
146,73,host8,Windows
140,276,host8,Windows
140,276,host8,Windows
280,408,host8,Windows
163,83,host8,Windows
1178,4597,host8,Windows
140,276,host8,Windows
126,258,host8,Windows
163,84,host8,Windows
921,765,host8,Windows
140,276,host8,Windows
140,276,host8,Windows
332,168,host8,Linux
20252,1862,host8,Linux
149,80,host8,Linux
146,73,host8,Linux
2472,2054,host8,Linux
4484,1026,host8,Linux
146,73,host8,Linux
62,73,host8,Linux
160,81,host8,Linux
86,86,host8,Linux
7028,2440,host8,Linux
3847,11702,host8,Linux
7114,5277,host8,Linux
102,102,host8,Linux
315,91,host8,Linux
805,84,host8,Linux
106,90,host8,Linux
7062,23133,host8,Linux
0,148,host8,Linux
149,80,host8,Linux
146,73,host8,Linux
0,296,host8,Linux
149,80,host8,MacOS
149,80,host8,MacOS
205,177,host8,MacOS
7330,11938,host8,MacOS
116597,37589,host8,MacOS
149,80,host8,MacOS
959,1047,host8,MacOS
336,74,host8,MacOS
144,77,host8,MacOS
1041,911,host8,MacOS
1025,912,host8,MacOS
139,72,host8,Windows
146,73,host8,Windows
478,81,host8,Windows
330,79,host8,Windows
347,75,host8,Windows
327,71,host8,Windows
346,79,host8,Windows
890,2488,host8,Windows
286,364,host8,Windows
330,67,host8,Windows
448,78,host8,Windows
343,71,host8,Windows
346,71,host8,Linux
959,1047,host8,Linux
337,78,host8,Linux
397,80,host8,Linux
347,72,host8,Linux
24294,1758,host8,Linux
646,2270,host8,Linux
383,87,host8,Linux
15850,1548,host8,Linux
5702,1125,host8,Linux
4705,2386,host8,Linux
339,83,host8,Linux
366,79,host8,Linux
86,86,host8,Linux
159,86,host8,Linux
206,342,host8,Linux
1414,4460,host8,Linux
726,7713,host8,Linux
888,521,host8,Linux
4269,5718,host8,Linux
62,77,host8,Linux
67,67,host8,Linux
28159,24379,host8,MacOS
473,2791,host8,MacOS
67,67,host8,MacOS
4257,1188,host8,MacOS
86,86,host8,MacOS
2802,3775,host8,MacOS
1301,1291,host8,MacOS
206,276,host8,MacOS
1274,1832,host8,MacOS
214,342,host8,MacOS
131,85,host8,MacOS
126,258,host8,Windows
307,258,host8,Windows
140,276,host8,Windows
7655,1694,host18,Windows
0,77,host19,Windows
0,109,host19,Windows
420,406,host19,Windows
129,117,host19,Windows
0,151,host19,Windows
7655,1694,host18,Windows
0,78,host19,Windows
0,486,host19,Windows
7655,1694,host18,Linux
0,95,host19,Linux
0,118,host19,Linux
0,118,host19,Linux
0,110,host19,Linux
0,110,host19,Linux
151,82,host19,Linux
2178,621,host19,Linux
352,295,host19,Linux
0,90,host19,Linux
8583,1845,host18,Linux
7655,1694,host18,Linux
354,298,host19,Linux
353,297,host19,Linux
0,110,host19,Linux
0,110,host19,Linux
0,110,host19,Linux
0,110,host19,Linux
0,110,host19,Linux
8583,1694,host18,Linux
0,89,host19,Linux
263,89,host19,Linux
0,89,host19,MacOS
0,90,host19,MacOS
146,73,host8,MacOS
68,60,host248,MacOS
4488,1740,host248,MacOS
90,90,host248,MacOS
63,90,host248,MacOS
63,187,host248,MacOS
140,276,host248,MacOS
247,583,host248,MacOS
63,189,host248,MacOS
202,376,host248,Windows
126,374,host248,Windows
126,378,host248,Windows
126,378,host248,Windows
126,376,host248,Windows
527,78,host248,Windows
1363,80,host248,Windows
90,90,host248,Windows
930,74,host248,Windows
488,78,host248,Windows
63,195,host8,Windows
141,80,host8,Windows
5551,953,host8,Linux
3094,1077,host8,Linux
115,99,host8,Linux
86,86,host8,Linux
6818,3342,host8,Linux
86,86,host8,Linux
4827,2568,host8,Linux
146,73,host8,Linux
149,80,host8,Linux
149,80,host8,Linux
146,73,host8,Linux
146,73,host8,Linux
1175,2916,host8,Linux
159,80,host8,Linux
1040674,254409,host8,Linux
0,148,host8,Linux
332,168,host8,Linux
159,86,host8,Linux
332,168,host8,Linux
149,80,host8,Linux
3942,2220,host8,Linux
332,168,host8,Linux
332,168,host8,MacOS
332,168,host8,MacOS
187,85,host8,MacOS
991,66,host8,MacOS
146,73,host8,MacOS
146,73,host8,MacOS
223,212,host8,MacOS
3381,7971,host8,MacOS
2128383,1010243,host8,MacOS
90,90,host8,MacOS
86,86,host8,MacOS
486,76,host8,Windows
63,187,host8,Windows
124,146,host8,Windows
332,168,host8,Windows
149,80,host8,Windows
108,76,host8,Windows
108,76,host8,Windows
149,80,host8,Windows
63,187,host8,Windows
108,76,host8,Windows
0,172,host8,Windows
331,75,host8,Windows
333,178,host2,Linux
450,176,host2,Linux
809,272,host2,Linux
2969,629,host2,Linux
753,269,host2,Linux
791,272,host2,Linux
783,272,host2,Linux
1763,629,host2,Linux
908,272,host2,Linux
1617,545,host2,Linux
276,90,host2,Linux
540,90,host2,Linux
908,272,host2,Linux
283,90,host2,Linux
1757,629,host2,Linux
540,90,host2,Linux
283,90,host2,Linux
276,90,host2,Linux
570,550,host2,Linux
1616,545,host2,Linux
672,176,host2,Linux
62,79,host248,Linux
302,206,host248,MacOS
9899,2533,host248,MacOS
101,183,host248,MacOS
0,62,host2,MacOS
69,65,host2,MacOS
334,306,host2,MacOS
95,206,host248,MacOS
109,194,host248,MacOS
1426,2246,host248,MacOS
5755,1686,host248,MacOS
66,146,host248,MacOS
4822,1478,host248,Windows
1568,3545,host248,Windows
203,79,host248,Windows
157,399,host248,Windows
127,195,host248,Windows
137,193,host248,Windows
162,722,host248,Windows
63,186,host248,Windows
63,195,host248,Windows
126,391,host248,Windows
161,387,host248,Windows
570,856,host248,Windows
5048,1347,host248,Linux
1599,3396,host248,Linux
162,106,host19,Linux
0,106,host19,Linux
62,432,host19,Linux
62,432,host19,Linux
0,241,host19,Linux
74,462,host19,Linux
0,321,host19,Linux
0,241,host19,Linux
7655,1770,host18,Linux
0,1392,host19,Linux
0,294,host19,Linux
0,92,host19,Linux
0,183,host19,Linux
0,294,host19,Linux
7655,1845,host18,Linux
74,727,host19,Linux
1392,1471,host19,Linux
0,74,host19,Linux
74,657,host19,Linux
7655,1754,host18,Linux
0,213,host19,MacOS
66,2216,host19,MacOS
0,151,host19,MacOS
0,151,host19,MacOS
180,174,host19,MacOS
0,140,host19,MacOS
58,252,host19,MacOS
0,110,host19,MacOS
7655,1694,host18,MacOS
0,85,host19,MacOS
0,110,host19,MacOS
289,90,host2,Windows
0,886,host2,Windows
5991,1795,host254,Windows
126,246,host254,Windows
126,246,host254,Windows
1151,1111,host254,Windows
8583,1694,host18,Windows
182,109,host19,Windows
0,132,host19,Windows
0,158,host19,Windows
0,98,host19,Windows
0,107,host19,Windows
134,85,host18,Linux
0,90,host19,Linux
0,486,host19,Linux
0,156,host19,Linux
0,110,host19,Linux
0,150,host19,Linux
0,260,host19,Linux
0,43,host19,Linux
91,87,host19,Linux
294,294,host19,Linux
7655,1694,host18,Linux
0,294,host19,Linux
0,60,host19,Linux
0,89,host19,Linux
0,103,host19,Linux
0,85,host19,Linux
0,85,host19,Linux
0,107,host19,Linux
0,96,host19,Linux
0,81,host19,Linux
0,81,host19,Linux
0,72,host19,Linux
0,88,host19,MacOS
0,103,host19,MacOS
0,74,host19,MacOS
0,102,host19,MacOS
0,111,host19,MacOS
6224,2532,host19,MacOS
63,187,host19,MacOS
0,85,host19,MacOS
0,95,host19,MacOS
0,82,host19,MacOS
0,81,host19,MacOS
0,80,host19,Windows
0,79,host19,Windows
0,80,host19,Windows
0,81,host19,Windows
58,404,host19,Windows
0,96,host19,Windows
0,79,host19,Windows
0,74,host19,Windows
74,416,host19,Windows
74,416,host19,Windows
74,727,host19,Windows
74,387,host19,Windows
7655,1694,host18,Linux
8583,1785,host18,Linux
74,395,host19,Linux
1538,544,host19,Linux
0,151,host19,Linux
3090,6352,host19,Linux
62,275,host19,Linux
404,178,host19,Linux
66,2050,host19,Linux
0,294,host19,Linux
0,65,host19,Linux
0,90,host19,Linux
0,152,host19,Linux
0,79,host19,Linux
294,294,host19,Linux
74,429,host19,Linux
66,403,host19,Linux
0,94,host19,Linux
182,109,host19,Linux
60,58,host19,Linux
367,466,host19,Linux
0,191,host19,Linux
0,151,host19,MacOS
0,151,host19,MacOS
0,151,host19,MacOS
0,151,host19,MacOS
0,74,host19,MacOS
0,152,host19,MacOS
0,151,host19,MacOS
0,294,host19,MacOS
0,151,host19,MacOS
0,75,host19,MacOS
7655,1694,host18,MacOS
7655,1861,host18,Windows
0,151,host19,Windows
0,294,host19,Windows
62,432,host19,Windows
74,305,host19,Windows
0,93,host19,Windows
0,76,host19,Windows
8583,1754,host18,Windows
0,77,host19,Windows
7655,1754,host18,Windows
0,92,host19,Windows
0,151,host19,Windows
2014,3072,host19,Linux
0,151,host19,Linux
92,87,host19,Linux
0,640,host19,Linux
0,132,host19,Linux
0,132,host19,Linux
498,907,host19,Linux
134,85,host18,Linux
294,294,host19,Linux
0,66,host19,Linux
155,86,host19,Linux
762,632,host19,Linux
196,172,host19,Linux
0,110,host19,Linux
0,87,host19,Linux
687,459,host18,Linux
0,110,host19,Linux
0,151,host19,Linux
0,152,host19,Linux
7655,1710,host18,Linux
0,151,host19,Linux
74,379,host19,Linux
7655,1694,host18,MacOS
0,294,host19,MacOS
0,294,host19,MacOS
777,632,host18,MacOS
0,151,host19,MacOS
0,108,host19,MacOS
163,94,host19,MacOS
90,90,host19,MacOS
1792,1530,host19,MacOS
0,151,host19,MacOS
0,93,host19,MacOS
0,93,host19,Windows
288,93,host19,Windows
0,110,host19,Windows
107,95,host248,Windows
62,78,host248,Windows
63,199,host248,Windows
63,203,host248,Windows
153,77,host248,Windows
92,190,host248,Windows
7655,1801,host18,Windows
0,276,host18,Windows
0,196,host19,Windows
0,110,host19,Linux
0,110,host19,Linux
0,110,host19,Linux
0,191,host19,Linux
0,189,host19,Linux
0,152,host19,Linux
0,152,host19,Linux
8583,1694,host18,Linux
0,342,host19,Linux
0,151,host19,Linux
0,151,host19,Linux
0,90,host19,Linux
8583,1694,host18,Linux
259,260,host19,Linux
58,404,host19,Linux
0,90,host19,Linux
151,81,host19,Linux
97,81,host19,Linux
525,2001,host19,Linux
143,92,host19,Linux
166,97,host19,Linux
299,155,host19,Linux
185,103,host19,MacOS
171,89,host19,MacOS
0,89,host19,MacOS
0,89,host19,MacOS
0,110,host19,MacOS
0,92,host19,MacOS
281,92,host19,MacOS
66,1820,host19,MacOS
223,73,host19,MacOS
112,75,host19,MacOS
118,102,host19,MacOS
169,87,host19,Windows
169,87,host19,Windows
177,85,host19,Windows
164,95,host19,Windows
159,90,host19,Windows
164,82,host19,Windows
305,88,host19,Windows
167,74,host19,Windows
178,85,host19,Windows
184,102,host19,Windows
160,91,host19,Windows
176,84,host19,Windows
171,79,host19,Linux
169,87,host19,Linux
374,92,host19,Linux
240,290,host19,Linux
0,110,host19,Linux
294,294,host19,Linux
7655,1710,host18,Linux
7655,1785,host18,Linux
164,82,host19,Linux
0,152,host19,Linux
0,152,host19,Linux
151,81,host19,Linux
90,90,host19,Linux
242,79,host19,Linux
110,110,host19,Linux
0,187,host19,Linux
0,197,host19,Linux
0,151,host19,Linux
0,152,host19,Linux
550,81,host19,Linux
110,110,host19,Linux
110,110,host19,Linux
31814,4594,host19,MacOS
0,86,host19,MacOS
182,109,host19,MacOS
0,906,host19,MacOS
63,191,host19,MacOS
0,151,host19,MacOS
574,77,host19,MacOS
294,294,host19,MacOS
7655,1785,host18,MacOS
7655,1710,host18,MacOS
58,404,host19,MacOS
58,404,host19,Windows
0,152,host19,Windows
0,294,host19,Windows
0,151,host19,Windows
294,294,host19,Windows
0,321,host19,Windows
0,294,host19,Windows
0,241,host19,Windows
66,262,host19,Windows
0,108,host19,Windows
8583,1754,host18,Windows
0,151,host19,Windows
0,151,host19,Linux
155,140,host19,Linux
0,151,host19,Linux
8583,1754,host18,Linux
2550,2420,host18,Linux
0,151,host19,Linux
118,102,host19,Linux
0,151,host19,Linux
0,106,host19,Linux
0,106,host19,Linux
162,106,host19,Linux
0,106,host19,Linux
8583,1754,host18,Linux
7655,1801,host18,Linux
66,339,host19,Linux
66,580,host19,Linux
0,151,host19,Linux
332,168,host8,Linux
106,90,host8,Linux
149,80,host8,Linux
12302,16263,host8,Linux
1576,3075,host8,Linux
5607,1811,host8,MacOS
131,251,host8,MacOS
1470,1518,host8,MacOS
107,91,host8,MacOS
1501,2322,host8,MacOS
2463,2156,host8,MacOS
1423,2218,host8,MacOS
107,91,host8,MacOS
149,80,host8,MacOS
0,148,host8,MacOS
108,76,host8,MacOS
332,168,host8,Windows
149,80,host8,Windows
159,86,host8,Windows
3230,2347,host8,Windows
218268,69758,host8,Windows
255,90,host8,Windows
549761,133920,host8,Windows
102,102,host8,Windows
3781,2692,host8,Windows
491,70,host8,Windows
344,81,host8,Windows
224,175,host19,Windows
163,82,host19,Linux
168,84,host19,Linux
96,80,host19,Linux
107,91,host19,Linux
119,89,host19,Linux
114,98,host19,Linux
907,789,host19,Linux
318,89,host19,Linux
190,91,host19,Linux
137,78,host19,Linux
179,80,host19,Linux
0,110,host19,Linux
0,110,host19,Linux
0,110,host19,Linux
0,110,host19,Linux
150,84,host19,Linux
87,87,host19,Linux
118,90,host18,Linux
0,98,host19,Linux
0,98,host19,Linux
0,151,host19,Linux
0,110,host19,Linux
10831,4941,host19,MacOS
0,151,host19,MacOS
0,151,host19,MacOS
0,151,host19,MacOS
0,152,host19,MacOS
109,208,host19,MacOS
91,86,host19,MacOS
0,90,host19,MacOS
0,110,host19,MacOS
0,110,host19,MacOS
0,110,host19,MacOS
2351,2247,host18,Windows
66,409,host19,Windows
240,290,host19,Windows
90,86,host19,Windows
294,294,host19,Windows
0,210,host19,Windows
139,79,host248,Windows
142,82,host248,Windows
317715,44667,host248,Windows
1387,79,host248,Windows
102,186,host248,Windows
25204,15625,host248,Windows
1119,1551,host248,Linux
63,190,host248,Linux
99,196,host248,Linux
62,75,host248,Linux
6637,2217,host254,Linux
607,715,host254,Linux
607,718,host254,Linux
129,117,host254,Linux
101,89,host254,Linux
126,246,host254,Linux
92,151,host254,Linux
63,189,host254,Linux
503,76,host254,Linux
63,190,host254,Linux
611,711,host254,Linux
8643,1785,host18,Linux
0,294,host19,Linux
60,58,host19,Linux
0,132,host19,Linux
7715,1861,host18,Linux
0,294,host19,Linux
0,241,host19,Linux
0,82,host19,MacOS
247,164,host19,MacOS
120,246,host19,MacOS
0,86,host19,MacOS
0,97,host19,MacOS
0,94,host19,MacOS
0,105,host19,MacOS
0,360,host18,MacOS
0,83,host19,MacOS
294,294,host19,MacOS
7655,1861,host18,MacOS
0,132,host19,Windows
109,93,host19,Windows
199,207,host19,Windows
118,102,host19,Windows
0,132,host19,Windows
0,95,host19,Windows
0,98,host19,Windows
0,65,host19,Windows
0,98,host19,Windows
0,81,host19,Windows
0,98,host19,Windows
182,109,host19,Windows
0,90,host19,Linux
7655,1694,host18,Linux
1908,1884,host19,Linux
7742,28535,host19,Linux
0,90,host19,Linux
7655,1694,host18,Linux
0,108,host19,Linux
113,89,host19,Linux
118,90,host18,Linux
7655,1710,host18,Linux
0,207,host19,Linux
8583,1694,host18,Linux
0,294,host19,Linux
294,294,host19,Linux
0,102,host19,Linux
58,404,host19,Linux
0,151,host19,Linux
4933,2153,host19,Linux
160,79,host19,Linux
7655,1694,host18,Linux
66,1827,host19,Linux
0,151,host19,Linux
90,90,host19,MacOS
1736,2091,host19,MacOS
0,151,host19,MacOS
0,78,host19,MacOS
7655,1845,host18,MacOS
0,108,host19,MacOS
7655,1694,host18,MacOS
66,1062,host19,MacOS
7715,1801,host18,MacOS
0,65,host19,MacOS
0,1392,host19,MacOS
74,417,host19,Windows
74,417,host19,Windows
74,1187,host19,Windows
0,274,host19,Windows
7655,1754,host18,Windows
9029,2193,host19,Windows
650,459,host19,Windows
7655,1694,host18,Windows
0,196,host19,Windows
0,152,host19,Windows
218,78,host19,Windows
90,90,host19,Windows
0,2587,host19,Linux
0,1392,host19,Linux
7655,1801,host18,Linux
0,486,host19,Linux
0,212,host19,Linux
60,58,host19,Linux
28532,9036,host19,Linux
0,66,host19,Linux
0,66,host19,Linux
5548,6810,host19,Linux
1353,2604,host19,Linux
3837,3064,host19,Linux
8583,1694,host18,Linux
7655,1694,host18,Linux
0,294,host19,Linux
0,110,host19,Linux
0,108,host19,Linux
0,110,host19,Linux
0,110,host19,Linux
0,152,host19,Linux
7655,1845,host18,Linux
0,294,host19,Linux
0,590,host19,MacOS
65,65,host18,MacOS
261,90,host19,MacOS
250,89,host19,MacOS
0,90,host19,MacOS
0,90,host19,MacOS
0,90,host19,MacOS
7655,1694,host18,MacOS
239,89,host19,MacOS
458,89,host19,MacOS
261,90,host19,MacOS
7715,1785,host18,Windows
8583,1694,host18,Windows
279,90,host19,Windows
0,89,host19,Windows
0,90,host19,Windows
272,90,host19,Windows
272,89,host19,Windows
390,88,host19,Windows
360,348,host19,Windows
186,186,host19,Windows
0,294,host19,Windows
0,90,host19,Windows
155,86,host19,Linux
110,110,host19,Linux
947,1553,host19,Linux
297,89,host19,Linux
0,90,host19,Linux
0,90,host19,Linux
0,96,host19,Linux
90,86,host18,Linux
0,151,host19,Linux
0,151,host19,Linux
0,98,host19,Linux
0,74,host19,Linux
300,174,host19,Linux
8583,1785,host18,Linux
7655,1694,host18,Linux
148,90,host2,Linux
170,89,host2,Linux
165,87,host2,Linux
570,550,host2,Linux
164,86,host2,Linux
165,87,host2,Linux
165,87,host2,Linux
127,85,host19,MacOS
0,151,host19,MacOS
121,84,host19,MacOS
122,83,host19,MacOS
87,87,host19,MacOS
124,85,host19,MacOS
0,110,host19,MacOS
0,110,host19,MacOS
0,110,host19,MacOS
125,86,host19,MacOS
174,85,host19,MacOS
124,80,host19,Windows
0,152,host19,Windows
0,151,host19,Windows
0,80,host19,Windows
0,151,host19,Windows
294,294,host19,Windows
74,417,host19,Windows
74,417,host19,Windows
0,152,host19,Windows
7655,1801,host18,Windows
0,91,host19,Windows
0,108,host19,Windows
66,262,host19,Linux
7715,1801,host18,Linux
0,151,host19,Linux
0,85,host19,Linux
7655,1754,host18,Linux
300,232,host19,Linux
0,102,host19,Linux
0,108,host19,Linux
166,82,host19,Linux
129,83,host19,Linux
119,82,host19,Linux
87,87,host19,Linux
122,85,host19,Linux
122,85,host19,Linux
127,85,host19,Linux
127,85,host19,Linux
115,79,host19,Linux
124,80,host19,Linux
122,85,host19,Linux
124,83,host19,Linux
127,85,host19,Linux
127,83,host19,Linux
0,108,host19,MacOS
119,82,host19,MacOS
121,83,host19,MacOS
62,361,host19,MacOS
0,86,host19,MacOS
1042,7602,host19,MacOS
110,110,host19,MacOS
119,82,host19,MacOS
0,151,host19,MacOS
115,82,host19,MacOS
126,84,host19,MacOS
115,82,host19,Windows
8522,3597,host19,Windows
0,66,host19,Windows
115,82,host19,Windows
62,366,host19,Windows
123,85,host18,Windows
165,83,host18,Windows
166,84,host18,Windows
166,84,host18,Windows
131,82,host18,Windows
7655,1710,host18,Windows
165,83,host18,Windows
294,294,host19,Linux
118,84,host18,Linux
127,85,host18,Linux
294,294,host19,Linux
162,80,host19,Linux
74,727,host19,Linux
0,110,host19,Linux
155,140,host19,Linux
66,400,host19,Linux
0,91,host19,Linux
98,86,host19,Linux
91,75,host19,Linux
1649,3424,host19,Linux
0,108,host19,Linux
101,206,host19,Linux
7655,1754,host18,Linux
7655,1801,host18,Linux
294,294,host19,Linux
0,339,host19,Linux
210,276,host18,Linux
0,276,host18,Linux
0,110,host19,Linux
2484,526,host19,MacOS
0,98,host19,MacOS
0,78,host19,MacOS
0,110,host19,MacOS
162,106,host19,MacOS
162,106,host19,MacOS
162,106,host19,MacOS
162,106,host19,MacOS
0,106,host19,MacOS
300,232,host19,MacOS
0,106,host19,MacOS
0,106,host19,Windows
8583,1785,host18,Windows
0,152,host19,Windows
162,106,host19,Windows
0,132,host19,Windows
0,106,host19,Windows
0,106,host19,Windows
0,106,host19,Windows
0,106,host19,Windows
162,106,host19,Windows
294,294,host19,Windows
0,106,host19,Windows
161,105,host19,Linux
8583,1694,host18,Linux
7655,1710,host18,Linux
334,89,host19,Linux
0,294,host19,Linux
0,294,host19,Linux
247,89,host19,Linux
299,90,host19,Linux
0,90,host19,Linux
0,94,host19,Linux
140,94,host19,Linux
0,94,host19,Linux
117,94,host19,Linux
0,88,host19,Linux
257,88,host19,Linux
243,88,host19,Linux
261,88,host19,Linux
0,90,host19,Linux
281,90,host19,Linux
58,404,host19,Linux
7655,1754,host18,Linux
168,83,host19,Linux
0,83,host19,MacOS
7655,1754,host18,MacOS
498,179,host19,MacOS
162,106,host19,MacOS
74,727,host19,MacOS
231,294,host19,MacOS
254,294,host19,MacOS
358,176,host19,MacOS
333,176,host19,MacOS
271,90,host19,MacOS
0,106,host19,MacOS
162,106,host19,Windows
0,106,host19,Windows
0,197,host19,Windows
0,190,host19,Windows
361,466,host19,Windows
361,501,host19,Windows
361,518,host19,Windows
8583,1694,host18,Windows
1994964,38795032,host19,Windows
0,342,host19,Windows
0,106,host19,Windows
0,106,host19,Windows
0,106,host19,Linux
162,106,host19,Linux
135,91,host2,Linux
134,90,host2,Linux
215,87,host2,Linux
146,89,host2,Linux
87,91,host2,Linux
6985,2153,host2,Linux
121,91,host2,Linux
141,90,host2,Linux
127,89,host2,Linux
127,89,host2,Linux
123,89,host2,Linux
121,92,host2,Linux
86,90,host2,Linux
164,86,host2,Linux
121,89,host2,Linux
120,90,host2,Linux
164,86,host2,Linux
124,89,host2,Linux
112,88,host2,Linux
86,90,host2,Linux
86,90,host2,MacOS
0,109,host19,MacOS
0,108,host19,MacOS
140,292,host19,MacOS
74,727,host19,MacOS
167,85,host18,MacOS
154,87,host18,MacOS
119,86,host18,MacOS
123,85,host18,MacOS
0,151,host19,MacOS
165,83,host18,MacOS
7715,1785,host18,Windows
0,151,host19,Windows
0,151,host19,Windows
0,108,host19,Windows
0,79,host19,Windows
0,77,host19,Windows
7655,1710,host18,Windows
0,151,host19,Windows
0,107,host19,Windows
74,489,host19,Windows
7655,1754,host18,Windows
1450,140,host19,Windows
107,91,host19,Linux
0,906,host19,Linux
0,151,host19,Linux
0,1392,host19,Linux
74,727,host19,Linux
0,151,host19,Linux
7655,1710,host18,Linux
123,85,host18,Linux
74,727,host19,Linux
0,294,host19,Linux
60,58,host19,Linux
60,58,host19,Linux
0,151,host19,Linux
3372,727,host19,Linux
165,83,host18,Linux
165,83,host18,Linux
0,151,host19,Linux
118,84,host18,Linux
2784,1550,host19,Linux
131,82,host18,Linux
87,87,host19,Linux
74,727,host19,Linux
74,448,host19,MacOS
66,236,host19,MacOS
165,83,host18,MacOS
131,82,host18,MacOS
0,151,host19,MacOS
120,83,host19,MacOS
168,84,host19,MacOS
167,83,host19,MacOS
168,84,host19,MacOS
168,84,host19,MacOS
164,83,host19,MacOS
168,84,host19,Windows
168,84,host19,Windows
134,85,host19,Windows
120,83,host19,Windows
7655,1754,host18,Windows
131,82,host18,Windows
163,82,host19,Windows
168,84,host19,Windows
168,84,host19,Windows
168,84,host19,Windows
119,87,host19,Windows
392,392,host19,Windows
175,90,host2,Linux
143,91,host2,Linux
95,86,host2,Linux
86,90,host2,Linux
141,90,host2,Linux
144,90,host2,Linux
140,89,host2,Linux
0,60,host2,Linux
0,62,host2,Linux
63,181,host248,Linux
63,193,host248,Linux
151,103,host248,Linux
62,73,host248,Linux
6053,6539,host248,Linux
63,193,host248,Linux
63,196,host248,Linux
63,195,host248,Linux
204,76,host8,Linux
810,1448,host8,Linux
4490,2094,host8,Linux
3454,1291,host8,Linux
146,73,host8,Linux
4812,2629,host8,MacOS
1913,1778,host8,MacOS
332,168,host8,MacOS
332,168,host8,MacOS
149,80,host8,MacOS
86,86,host8,MacOS
163,84,host8,MacOS
146,73,host8,MacOS
62,79,host8,MacOS
139,79,host8,MacOS
95,79,host8,MacOS
86,86,host8,Windows
332,168,host8,Windows
146,73,host8,Windows
0,148,host8,Windows
4769,2057,host8,Windows
30900,25117,host8,Windows
2131,4400,host8,Windows
36739,26101,host8,Windows
286,364,host8,Windows
1423,2218,host8,Windows
6854,2083,host8,Windows
0,148,host8,Windows
3016,5563,host8,Linux
332,168,host8,Linux
63,194,host8,Linux
92,198,host8,Linux
63,190,host8,Linux
63,199,host8,Linux
62,75,host8,Linux
108,76,host8,Linux
108,76,host8,Linux
0,148,host8,Linux
65,65,host8,Linux
91,87,host8,Linux
550,550,host8,Linux
159,80,host8,Linux
146,73,host8,Linux
149,80,host8,Linux
163,83,host8,Linux
149,80,host8,Linux
150,83,host8,Linux
4769,2057,host8,Linux
119,79,host8,Linux
0,540,host8,Linux
352,75,host8,MacOS
119,79,host8,MacOS
331,75,host8,MacOS
22235,22971,host248,MacOS
101,200,host248,MacOS
0,78,host248,MacOS
302,206,host248,MacOS
302,206,host248,MacOS
151,103,host248,MacOS
200,89,host248,MacOS
10082,3912,host248,MacOS
5226,2009,host248,Windows
9049,2717,host248,Windows
163,83,host8,Windows
159,80,host8,Windows
138,84,host8,Windows
107,91,host8,Windows
159,80,host8,Windows
6640,2578,host8,Windows
159,86,host8,Windows
146,73,host8,Windows
149,80,host8,Windows
146,73,host8,Windows
150,83,host8,Linux
149,80,host8,Linux
130,84,host8,Linux
159,80,host8,Linux
0,148,host8,Linux
86,86,host8,Linux
141,80,host8,Linux
141,249,host8,Linux
149,80,host8,Linux
149,80,host8,Linux
150,83,host8,Linux
149,80,host8,Linux
150,95,host8,Linux
60,78,host8,Linux
86,190,host254,Linux
61266,4602,host254,Linux
238,99,host2,Linux
164,86,host2,Linux
121,92,host2,Linux
127,89,host2,Linux
60,78,host8,Linux
0,148,host8,Linux
74,455,host19,MacOS
0,108,host19,MacOS
0,85,host19,MacOS
0,84,host19,MacOS
66,385,host19,MacOS
66,385,host19,MacOS
107,91,host19,MacOS
0,84,host19,MacOS
10531,6520,host19,MacOS
623,2525,host19,MacOS
110,110,host19,MacOS
1353,2600,host19,Windows
1353,2600,host19,Windows
104,72,host19,Windows
0,83,host19,Windows
0,84,host19,Windows
0,196,host19,Windows
0,85,host19,Windows
210,276,host18,Windows
0,276,host18,Windows
0,151,host19,Windows
0,83,host19,Windows
7655,1710,host18,Windows
0,84,host19,Linux
0,84,host19,Linux
0,84,host19,Linux
0,86,host19,Linux
0,83,host19,Linux
0,84,host19,Linux
0,83,host19,Linux
0,87,host19,Linux
0,83,host19,Linux
0,86,host19,Linux
0,84,host19,Linux
0,83,host19,Linux
0,83,host19,Linux
0,83,host19,Linux
0,84,host19,Linux
0,86,host19,Linux
0,151,host19,Linux
60,58,host19,Linux
0,108,host19,Linux
0,98,host19,Linux
388,834,host19,Linux
110,110,host19,Linux
110,110,host19,MacOS
201,100,host19,MacOS
294,294,host19,MacOS
74,417,host19,MacOS
66,262,host19,MacOS
0,90,host19,MacOS
60,58,host19,MacOS
0,108,host19,MacOS
141,84,host19,MacOS
0,152,host19,MacOS
540,522,host19,MacOS
155,83,host19,Windows
91,84,host19,Windows
0,151,host19,Windows
7655,1845,host18,Windows
7655,1694,host18,Windows
0,294,host19,Windows
6326,2749,host8,Windows
247,89,host8,Windows
114,87,host8,Windows
375,100,host8,Windows
247,89,host8,Windows
247,89,host8,Windows
462,176,host8,Linux
146,73,host8,Linux
150,83,host8,Linux
149,80,host8,Linux
546,181,host8,Linux
530,181,host8,Linux
550,181,host8,Linux
514,181,host8,Linux
526,181,host8,Linux
367,176,host8,Linux
351,178,host8,Linux
497,179,host8,Linux
130,80,host8,Linux
37214,13129,host8,Linux
23728,21445,host8,Linux
1567,2206,host8,Linux
514,181,host8,Linux
494,179,host8,Linux
497,179,host8,Linux
149,80,host8,Linux
1737,629,host8,Linux
146,73,host8,Linux
536,90,host8,MacOS
531,181,host8,MacOS
107,91,host8,MacOS
155,89,host8,MacOS
119,79,host8,MacOS
188,113,host8,MacOS
371,90,host8,MacOS
382,176,host8,MacOS
1295,454,host8,MacOS
1752,550,host8,MacOS
114,74,host8,MacOS
141,80,host8,Windows
208,90,host8,Windows
185,110,host8,Windows
331,75,host8,Windows
331,75,host8,Windows
181,106,host8,Windows
214,2854,host8,Windows
1714,550,host8,Windows
136,81,host8,Windows
185,100,host8,Windows
92,76,host8,Windows
223,73,host8,Windows
104,72,host8,Linux
2446,1106,host8,Linux
668,176,host8,Linux
138,84,host8,Linux
395,178,host8,Linux
149,80,host8,Linux
146,73,host8,Linux
151,70,host8,Linux
100,68,host8,Linux
264,92,host8,Linux
287,93,host8,Linux
6010,3609,host8,Linux
332,168,host8,Linux
150,83,host8,Linux
146,73,host8,Linux
22397,1830,host8,Linux
131,91,host8,Linux
102,102,host8,Linux
102,102,host8,Linux
13268,3248,host8,Linux
550,550,host8,Linux
126,246,host254,Linux
6637,2057,host254,MacOS
63,86,host254,MacOS
63,86,host254,MacOS
562,74,host254,MacOS
0,107,host19,MacOS
196,196,host19,MacOS
0,151,host19,MacOS
62,432,host19,MacOS
0,87,host19,MacOS
7655,1785,host18,MacOS
294,294,host19,MacOS
0,85,host19,Windows
0,151,host19,Windows
2448,2670,host19,Windows
194,194,host19,Windows
0,151,host19,Windows
0,83,host19,Windows
0,83,host19,Windows
0,85,host19,Windows
0,83,host19,Windows
0,82,host19,Windows
0,85,host19,Windows
0,82,host19,Windows
0,82,host19,Linux
0,82,host19,Linux
0,84,host19,Linux
7655,1845,host18,Linux
7655,1710,host18,Linux
118,90,host18,Linux
8583,1754,host18,Linux
7655,1785,host18,Linux
127,120,host19,Linux
127,240,host19,Linux
294,294,host19,Linux
1815,2580,host19,Linux
0,84,host19,Linux
0,82,host19,Linux
0,80,host19,Linux
0,85,host19,Linux
0,84,host19,Linux
0,84,host19,Linux
0,82,host19,Linux
0,1392,host19,Linux
62,693,host19,Linux
0,342,host19,Linux
0,294,host19,MacOS
66,412,host19,MacOS
0,151,host19,MacOS
7715,1785,host18,MacOS
0,294,host19,MacOS
0,151,host19,MacOS
121,105,host19,MacOS
0,1070,host19,MacOS
7655,1710,host18,MacOS
7655,1694,host18,MacOS
7655,1754,host18,MacOS
134,85,host18,Windows
8583,1754,host18,Windows
165,87,host2,Windows
87,91,host2,Windows
0,87,host19,Windows
0,86,host19,Windows
0,87,host19,Windows
294,294,host19,Windows
528,898,host19,Windows
0,124,host19,Windows
0,492,host19,Windows
74,417,host19,Windows
0,98,host19,Linux
0,82,host19,Linux
0,84,host19,Linux
0,85,host19,Linux
0,84,host19,Linux
0,84,host19,Linux
0,82,host19,Linux
294,294,host19,Linux
131,91,host19,Linux
74,2980,host19,Linux
74,415,host19,Linux
4121,5299,host19,Linux
0,94,host19,Linux
0,81,host19,Linux
74,727,host19,Linux
0,110,host19,Linux
0,110,host19,Linux
0,110,host19,Linux
0,87,host19,Linux
0,78,host19,Linux
74,727,host19,Linux
74,727,host19,Linux
0,108,host19,MacOS
0,73,host19,MacOS
0,87,host19,MacOS
58,2966,host19,MacOS
58,404,host19,MacOS
0,90,host19,MacOS
0,110,host19,MacOS
7655,1694,host18,MacOS
122,85,host19,MacOS
90,90,host19,MacOS
168,84,host19,MacOS
0,107,host19,Windows
0,151,host19,Windows
98,160,host248,Windows
151,152,host248,Windows
112,84,host248,Windows
155,85,host248,Windows
5002,2714,host248,Windows
1152,1238,host248,Windows
62,76,host248,Windows
62,79,host248,Windows
117,73,host248,Windows
895,1020,host248,Windows
266,264,host248,Linux
932,78,host248,Linux
1287,3256,host254,Linux
63,187,host254,Linux